2022-07-25 16:03:55.538185 +0000 > starting log
2022-07-25 16:03:55.538548 +0000 build-archlinux: > starting build with log
2022-07-25 16:03:55.538566 +0000 build-archlinux: >> make args: update-repo-current
2022-07-25 16:03:55.538576 +0000 build-archlinux: >> MAKEFLAGS=
2022-07-25 16:03:55.538586 +0000 build-archlinux: >> COMPONENTS=app-linux-snapd-helper
2022-07-25 16:03:55.538594 +0000 build-archlinux: >> DISTS_VM=archlinux
2022-07-25 16:03:55.538601 +0000 build-archlinux: >> DIST_DOM0=
2022-07-25 16:03:55.538611 +0000 build-archlinux: >> qubes-builder 20ad3a0690db5a940dc9c0c7f080d1980cf24c83
2022-07-25 16:03:55.538624 +0000 build-archlinux: >> qubes-builder/qubes-src/app-linux-snapd-helper 6f734b301a07ffc10c20c4ad136a0e1921632aca
2022-07-25 16:03:55.577628 +0000 build-archlinux: ================================================================================
2022-07-25 16:03:55.577689 +0000 build-archlinux:                            B U I L D   I N F O                                  
2022-07-25 16:03:55.577716 +0000 build-archlinux: Items in red indicate it was automatically generated by configuration file(s)
2022-07-25 16:03:55.577735 +0000 build-archlinux: Items in white indicate it was automatically removed by configuration file(s)
2022-07-25 16:03:55.577749 +0000 build-archlinux: ================================================================================
2022-07-25 16:03:55.577758 +0000 build-archlinux: DISTS_VM:
2022-07-25 16:03:55.577800 +0000 build-archlinux:      archlinux,
2022-07-25 16:03:55.577969 +0000 build-archlinux: DISTS_ALL:
2022-07-25 16:03:55.577995 +0000 build-archlinux:      vm-archlinux,
2022-07-25 16:03:55.578813 +0000 build-archlinux: DIST_DOM0:
2022-07-25 16:03:55.580714 +0000 build-archlinux:     
2022-07-25 16:03:55.581945 +0000 build-archlinux: BUILDER_PLUGINS:
2022-07-25 16:03:55.584093 +0000 build-archlinux:      builder-archlinux, mgmt-salt, linux-repo-archlinux, release-configs, builder-github,
2022-07-25 16:03:55.585385 +0000 build-archlinux: COMPONENTS:
2022-07-25 16:03:55.587471 +0000 build-archlinux:      app-linux-snapd-helper,
2022-07-25 16:03:55.588705 +0000 build-archlinux: GIT_REPOS:
2022-07-25 16:03:55.591502 +0000 build-archlinux:      qubes-src/app-linux-snapd-helper,
2022-07-25 16:03:55.591554 +0000 build-archlinux: TEMPLATE:
2022-07-25 16:03:55.594551 +0000 build-archlinux:     
2022-07-25 16:03:55.595785 +0000 build-archlinux: TEMPLATE_FLAVOR_DIR:
2022-07-25 16:03:55.600466 +0000 build-archlinux:     
2022-07-25 16:03:55.601568 +0000 build-archlinux: TEMPLATE_ALIAS:
2022-07-25 16:03:55.603242 +0000 build-archlinux:      stretch:stretch+standard, stretch+gnome:stretch+gnome+standard,
2022-07-25 16:03:55.603294 +0000 build-archlinux:      stretch+minimal:stretch+minimal+no-recommends, buster:buster+standard,
2022-07-25 16:03:55.603317 +0000 build-archlinux:      buster+gnome:buster+gnome+standard, buster+minimal:buster+minimal+no-recommends,
2022-07-25 16:03:55.603335 +0000 build-archlinux:      bullseye:bullseye+standard+firmware, bullseye+gnome:bullseye+gnome+standard+firmware,
2022-07-25 16:03:55.603350 +0000 build-archlinux:      bullseye+minimal:bullseye+minimal+no-recommends, bookworm:bookworm+standard,
2022-07-25 16:03:55.603365 +0000 build-archlinux:      bookworm+gnome:bookworm+gnome+standard, bookworm+minimal:bookworm+minimal+no-recommends,
2022-07-25 16:03:55.603382 +0000 build-archlinux:      bionic:bionic+standard, focal:focal+standard, whonix-gateway-15:buster+whonix-gateway+minimal+no-recommends,
2022-07-25 16:03:55.603396 +0000 build-archlinux:      whonix-workstation-15:buster+whonix-workstation+minimal+no-recommends,
2022-07-25 16:03:55.603409 +0000 build-archlinux:      whonix-gateway-16:bullseye+whonix-gateway+minimal+no-recommends,
2022-07-25 16:03:55.603421 +0000 build-archlinux:      whonix-workstation-16:bullseye+whonix-workstation+minimal+no-recommends,
2022-07-25 16:03:55.604638 +0000 build-archlinux: TEMPLATE_LABEL:
2022-07-25 16:03:55.607330 +0000 build-archlinux:      fc34:fedora-34 fc35:fedora-35 fc36:fedora-36 fc34+minimal:fedora-34-minimal fc35+minimal:fedora-35-minimal
2022-07-25 16:03:55.607414 +0000 build-archlinux:      fc36+minimal:fedora-36-minimal fc34+xfce:fedora-34-xfce fc35+xfce:fedora-35-xfce fc36+xfce:fedora-36-xfce
2022-07-25 16:03:55.607439 +0000 build-archlinux:      stretch:debian-9 stretch+standard:debian-9 stretch+xfce:debian-9-xfce buster:debian-10
2022-07-25 16:03:55.607460 +0000 build-archlinux:      buster+standard:debian-10 buster+xfce:debian-10-xfce bullseye:debian-11 bullseye+standard+firmware:debian-11
2022-07-25 16:03:55.607477 +0000 build-archlinux:      bullseye+xfce:debian-11-xfce bookworm:debian-12 bookworm+standard:debian-12 bookworm+xfce:debian-12-xfce
2022-07-25 16:03:55.607493 +0000 build-archlinux:      bionic+standard:bionic focal+standard:focal buster+whonix-gateway+minimal+no-recommends:whonix-gw-15
2022-07-25 16:03:55.607506 +0000 build-archlinux:      buster+whonix-workstation+minimal+no-recommends:whonix-ws-15
2022-07-25 16:03:55.607519 +0000 build-archlinux:      bullseye+whonix-gateway+minimal+no-recommends:whonix-gw-16
2022-07-25 16:03:55.607532 +0000 build-archlinux:      bullseye+whonix-workstation+minimal+no-recommends:whonix-ws-16 centos7:centos-7
2022-07-25 16:03:55.607546 +0000 build-archlinux:      centos7+minimal:centos-7-minimal centos7+xfce:centos-7-xfce centos-stream8:centos-stream-8
2022-07-25 16:03:55.607560 +0000 build-archlinux:      centos-stream8+minimal:centos-stream-8-minimal centos-stream8+xfce:centos-stream-8-xfce
2022-07-25 16:03:55.622512 +0000 build-archlinux: > running make
2022-07-25 16:03:55.634942 +0000 build-archlinux: Makefile:863: target 'internal-update-repo-current.vm.archlinux.app-linux-snapd-helper' does not exist
2022-07-25 16:03:55.634996 +0000 build-archlinux: repo_base_var="LINUX_REPO_${DIST//-/_}_BASEDIR"; \
2022-07-25 16:03:55.635016 +0000 build-archlinux: if [ "app-linux-snapd-helper" = linux-template-builder ]; then \
2022-07-25 16:03:55.635033 +0000 build-archlinux: .# templates belongs to dom0 repository, even though PACKAGE_SET=vm
2022-07-25 16:03:55.635045 +0000 build-archlinux: repo_base_var="LINUX_REPO__BASEDIR"; \
2022-07-25 16:03:55.635055 +0000 build-archlinux: fi; \
2022-07-25 16:03:55.635066 +0000 build-archlinux: if [ -n "${!repo_base_var}" ]; then \
2022-07-25 16:03:55.635077 +0000 build-archlinux: .repo_basedir="${!repo_base_var}"; \
2022-07-25 16:03:55.635085 +0000 build-archlinux: else \
2022-07-25 16:03:55.635096 +0000 build-archlinux: .repo_basedir="qubes-src/linux-repo-archlinux/r4.1"; \
2022-07-25 16:03:55.635104 +0000 build-archlinux: fi; \
2022-07-25 16:03:55.635115 +0000 build-archlinux: if [ -r qubes-src/app-linux-snapd-helper/Makefile.builder ]; then \
2022-07-25 16:03:55.635126 +0000 build-archlinux: .echo -n "Updating qubes-src/app-linux-snapd-helper... "; \
2022-07-25 16:03:55.635135 +0000 build-archlinux: .if [ "0" -eq 1 ]; then \
2022-07-25 16:03:55.635148 +0000 build-archlinux: ..vtag=`git -C qubes-src/app-linux-snapd-helper tag --points-at HEAD --list v*`; \
2022-07-25 16:03:55.635157 +0000 build-archlinux: ..if [ -z "$vtag" ]; then \
2022-07-25 16:03:55.635166 +0000 build-archlinux: ...echo "no version tag"; \
2022-07-25 16:03:55.635173 +0000 build-archlinux: ...exit 0; \
2022-07-25 16:03:55.635180 +0000 build-archlinux: ..fi; \
2022-07-25 16:03:55.635187 +0000 build-archlinux: .fi; \
2022-07-25 16:03:55.635198 +0000 build-archlinux: .if [ "app-linux-snapd-helper" = linux-template-builder ]; then
2022-07-25 16:03:55.635211 +0000 build-archlinux: export TEMPLATE_NAME=$(MAKEFLAGS= make -s -C qubes-src/linux-template-builder DIST=archlinux template-name)
2022-07-25 16:03:55.635219 +0000 build-archlinux: fi
2022-07-25 16:03:55.635243 +0000 build-archlinux: component_packages=$(MAKEFLAGS= make -s -f Makefile.generic DIST=archlinux PACKAGE_SET=vm COMPONENT=`basename qubes-src/app-linux-snapd-helper` UPDATE_REPO=/home/user/builder-r4.1/$repo_basedir/current/vm/archlinux get-var GET_VAR=PACKAGE_LIST); \
2022-07-25 16:03:55.635253 +0000 build-archlinux: .if [ -z "$component_packages" ]; then \
2022-07-25 16:03:55.635283 +0000 build-archlinux: ..echo "no packages."; \
2022-07-25 16:03:55.635293 +0000 build-archlinux: ..exit 0; \
2022-07-25 16:03:55.635301 +0000 build-archlinux: .fi; \
2022-07-25 16:03:55.635311 +0000 build-archlinux: .make -s -f Makefile.generic DIST=archlinux PACKAGE_SET=vm \
2022-07-25 16:03:55.635321 +0000 build-archlinux: ..COMPONENT=`basename qubes-src/app-linux-snapd-helper` \
2022-07-25 16:03:55.635329 +0000 build-archlinux: ..SNAPSHOT_REPO=current-testing \
2022-07-25 16:03:55.635337 +0000 build-archlinux: ..TARGET_REPO=current \
2022-07-25 16:03:55.635348 +0000 build-archlinux: ..UPDATE_REPO=/home/user/builder-r4.1/$repo_basedir/current/vm/archlinux \
2022-07-25 16:03:55.635364 +0000 build-archlinux: ..SNAPSHOT_FILE=/home/user/builder-r4.1/repo-latest-snapshot/current-testing-vm-archlinux-`basename qubes-src/app-linux-snapd-helper` \
2022-07-25 16:03:55.635372 +0000 build-archlinux: ..BUILD_LOG_URL= \
2022-07-25 16:03:55.635381 +0000 build-archlinux: ..update-repo-from-snapshot || exit 1; \
2022-07-25 16:03:55.635394 +0000 build-archlinux: elif make -C qubes-src/app-linux-snapd-helper -n update-repo-current >/dev/null 2>/dev/null; then \
2022-07-25 16:03:55.635404 +0000 build-archlinux: .echo "Updating qubes-src/app-linux-snapd-helper... "; \
2022-07-25 16:03:55.635416 +0000 build-archlinux: .DIST=archlinux UPDATE_REPO=/home/user/builder-r4.1/$repo_basedir/current/vm/archlinux \
2022-07-25 16:03:55.635427 +0000 build-archlinux: .make -s -C qubes-src/app-linux-snapd-helper update-repo-current || exit 1; \
2022-07-25 16:03:55.635434 +0000 build-archlinux: else \
2022-07-25 16:03:55.635445 +0000 build-archlinux: .echo -n "Updating qubes-src/app-linux-snapd-helper... skipping."; \
2022-07-25 16:03:55.635452 +0000 build-archlinux: fi; \
2022-07-25 16:03:55.635459 +0000 build-archlinux: echo
2022-07-25 16:03:55.658806 +0000 build-archlinux: Updating qubes-src/app-linux-snapd-helper... no packages.
2022-07-25 16:03:55.660435 +0000 build-archlinux: Makefile:832: update target 'internal-update-repo-current.vm.archlinux' due to: internal-update-repo-current.vm.archlinux.app-linux-snapd-helper
2022-07-25 16:03:55.660479 +0000 build-archlinux: true
2022-07-25 16:03:55.662314 +0000 build-archlinux: Makefile:945: target 'post-update-repo-current' does not exist
2022-07-25 16:03:55.662362 +0000 build-archlinux: true
2022-07-25 16:03:55.664197 +0000 build-archlinux: Makefile:819: update target 'update-repo-current' due to: internal-update-repo-current.vm.archlinux post-update-repo-current
2022-07-25 16:03:55.664245 +0000 build-archlinux: true
2022-07-25 16:03:55.665414 +0000 build-archlinux: > done
2022-07-25 16:03:55.665462 +0000 > closing log
