2021-12-24 01:04:57.626320 +0000 > starting log
2021-12-24 01:04:57.626664 +0000 build-archlinux: > starting build with log
2021-12-24 01:04:57.626681 +0000 build-archlinux: >> make args: update-repo-current
2021-12-24 01:04:57.626691 +0000 build-archlinux: >> MAKEFLAGS=
2021-12-24 01:04:57.626700 +0000 build-archlinux: >> COMPONENTS=python-objgraph
2021-12-24 01:04:57.626708 +0000 build-archlinux: >> DISTS_VM=archlinux
2021-12-24 01:04:57.626715 +0000 build-archlinux: >> DIST_DOM0=
2021-12-24 01:04:57.626725 +0000 build-archlinux: >> qubes-builder c209be5e4a3cafae882bea4e438e48552805ee52
2021-12-24 01:04:57.626736 +0000 build-archlinux: >> qubes-builder/qubes-src/python-objgraph 3f879688b3ca3c7ee5a735885c54c565beb10420
2021-12-24 01:04:57.626745 +0000 build-archlinux: ?? objgraph-3.5.0.tar.gz
2021-12-24 01:04:57.626760 +0000 build-archlinux: da29202871bad06f2caa9cc297e7bf9a15af4c89e23baf9c271764e0ce93ff9557cd5c21d0bf39b425713460dbe2dbc8468d70c6bfcc1c3ff8b1b4d4a7923858  objgraph-3.5.0.tar.gz
2021-12-24 01:04:57.626772 +0000 build-archlinux: ================================================================================
2021-12-24 01:04:57.626783 +0000 build-archlinux:                            B U I L D   I N F O                                  
2021-12-24 01:04:57.626795 +0000 build-archlinux: Items in red indicate it was automatically generated by configuration file(s)
2021-12-24 01:04:57.626806 +0000 build-archlinux: Items in white indicate it was automatically removed by configuration file(s)
2021-12-24 01:04:57.626817 +0000 build-archlinux: ================================================================================
2021-12-24 01:04:57.626824 +0000 build-archlinux: DISTS_VM:
2021-12-24 01:04:57.626831 +0000 build-archlinux:      archlinux,
2021-12-24 01:04:57.626839 +0000 build-archlinux: DISTS_ALL:
2021-12-24 01:04:57.626846 +0000 build-archlinux:      vm-archlinux,
2021-12-24 01:04:57.626853 +0000 build-archlinux: DIST_DOM0:
2021-12-24 01:04:57.626860 +0000 build-archlinux:     
2021-12-24 01:04:57.626867 +0000 build-archlinux: BUILDER_PLUGINS:
2021-12-24 01:04:57.626879 +0000 build-archlinux:      builder-archlinux, mgmt-salt, linux-repo-archlinux, release-configs, builder-github,
2021-12-24 01:04:57.626886 +0000 build-archlinux: COMPONENTS:
2021-12-24 01:04:57.626893 +0000 build-archlinux:      python-objgraph,
2021-12-24 01:04:57.626900 +0000 build-archlinux: GIT_REPOS:
2021-12-24 01:04:57.626909 +0000 build-archlinux:      qubes-src/python-objgraph,
2021-12-24 01:04:57.626915 +0000 build-archlinux: TEMPLATE:
2021-12-24 01:04:57.626922 +0000 build-archlinux:     
2021-12-24 01:04:57.626929 +0000 build-archlinux: TEMPLATE_FLAVOR_DIR:
2021-12-24 01:04:57.626936 +0000 build-archlinux:     
2021-12-24 01:04:57.626943 +0000 build-archlinux: TEMPLATE_ALIAS:
2021-12-24 01:04:57.627003 +0000 build-archlinux:      stretch:stretch+standard, stretch+gnome:stretch+gnome+standard,
2021-12-24 01:04:57.627022 +0000 build-archlinux:      stretch+minimal:stretch+minimal+no-recommends, buster:buster+standard, buster+gnome:buster+gnome+standard,
2021-12-24 01:04:57.627029 +0000 build-archlinux:      buster+minimal:buster+minimal+no-recommends, bullseye:bullseye+standard,
2021-12-24 01:04:57.627029 +0000 build-archlinux:      bullseye+gnome:bullseye+gnome+standard, bullseye+minimal:bullseye+minimal+no-recommends,
2021-12-24 01:04:57.627029 +0000 build-archlinux:      bionic:bionic+standard, focal:focal+standard, whonix-gateway-15:buster+whonix-gateway+minimal+no-recommends,
2021-12-24 01:04:57.627039 +0000 build-archlinux:      whonix-workstation-15:buster+whonix-workstation+minimal+no-recommends,
2021-12-24 01:04:57.627050 +0000 build-archlinux:      whonix-gateway-16:bullseye+whonix-gateway+minimal+no-recommends,
2021-12-24 01:04:57.627061 +0000 build-archlinux:      whonix-workstation-16:bullseye+whonix-workstation+minimal+no-recommends,
2021-12-24 01:04:57.627068 +0000 build-archlinux: TEMPLATE_LABEL:
2021-12-24 01:04:57.627081 +0000 build-archlinux:      fc32:fedora-32 fc33:fedora-33 fc34:fedora-34 fc35:fedora-35 fc32+minimal:fedora-32-minimal
2021-12-24 01:04:57.627102 +0000 build-archlinux:      fc33+minimal:fedora-33-minimal fc34+minimal:fedora-34-minimal fc35+minimal:fedora-35-minimal
2021-12-24 01:04:57.627115 +0000 build-archlinux:      fc32+xfce:fedora-32-xfce fc33+xfce:fedora-33-xfce fc34+xfce:fedora-34-xfce
2021-12-24 01:04:57.627128 +0000 build-archlinux:      fc35+xfce:fedora-35-xfce stretch:debian-9 stretch+standard:debian-9 stretch+xfce:debian-9-xfce
2021-12-24 01:04:57.627140 +0000 build-archlinux:      buster:debian-10 buster+standard:debian-10 buster+xfce:debian-10-xfce bullseye:debian-11
2021-12-24 01:04:57.627152 +0000 build-archlinux:      bullseye+standard:debian-11 bullseye+xfce:debian-11-xfce bionic+standard:bionic
2021-12-24 01:04:57.627163 +0000 build-archlinux:      focal+standard:focal buster+whonix-gateway+minimal+no-recommends:whonix-gw-15
2021-12-24 01:04:57.627174 +0000 build-archlinux:      buster+whonix-workstation+minimal+no-recommends:whonix-ws-15
2021-12-24 01:04:57.627184 +0000 build-archlinux:      bullseye+whonix-gateway+minimal+no-recommends:whonix-gw-16
2021-12-24 01:04:57.627196 +0000 build-archlinux:      bullseye+whonix-workstation+minimal+no-recommends:whonix-ws-16 centos7:centos-7
2021-12-24 01:04:57.627208 +0000 build-archlinux:      centos7+minimal:centos-7-minimal centos7+xfce:centos-7-xfce centos-stream8:centos-stream-8
2021-12-24 01:04:57.627220 +0000 build-archlinux:      centos-stream8+minimal:centos-stream-8-minimal centos-stream8+xfce:centos-stream-8-xfce
2021-12-24 01:04:57.627227 +0000 build-archlinux: > running make
2021-12-24 01:04:57.627240 +0000 build-archlinux: Makefile:915: target 'internal-update-repo-current.vm.archlinux.python-objgraph' does not exist
2021-12-24 01:04:57.627246 +0000 build-archlinux: true
2021-12-24 01:04:57.627261 +0000 build-archlinux: Makefile:832: update target 'internal-update-repo-current.vm.archlinux' due to: internal-update-repo-current.vm.archlinux.python-objgraph
2021-12-24 01:04:57.627269 +0000 build-archlinux: true
2021-12-24 01:04:57.627279 +0000 build-archlinux: Makefile:923: target 'post-update-repo-current' does not exist
2021-12-24 01:04:57.627287 +0000 build-archlinux: for dist in  archlinux; do \
2021-12-24 01:04:57.627297 +0000 build-archlinux: .repo_base_var="LINUX_REPO_${dist//-/_}_BASEDIR"; \
2021-12-24 01:04:57.627307 +0000 build-archlinux: .if [ -n "${!repo_base_var}" ]; then \
2021-12-24 01:04:57.627316 +0000 build-archlinux: ..repo_basedir="${!repo_base_var}"; \
2021-12-24 01:04:57.627322 +0000 build-archlinux: .else \
2021-12-24 01:04:57.627332 +0000 build-archlinux: ..repo_basedir="qubes-src/linux-repo-archlinux/r4.1"; \
2021-12-24 01:04:57.627339 +0000 build-archlinux: .fi; \
2021-12-24 01:04:57.627349 +0000 build-archlinux: .repos_to_update="$repos_to_update $repo_basedir"; \
2021-12-24 01:04:57.627355 +0000 build-archlinux: done; \
2021-12-24 01:04:57.627362 +0000 build-archlinux: pkgset_dist= ; \
2021-12-24 01:04:57.627370 +0000 build-archlinux: for dist in ; do \
2021-12-24 01:04:57.627379 +0000 build-archlinux: .pkgset_dist="$pkgset_dist dom0/$dist"; \
2021-12-24 01:04:57.627386 +0000 build-archlinux: done; \
2021-12-24 01:04:57.627394 +0000 build-archlinux: for dist in archlinux; do \
2021-12-24 01:04:57.627402 +0000 build-archlinux: .pkgset_dist="$pkgset_dist vm/$dist"; \
2021-12-24 01:04:57.627409 +0000 build-archlinux: done; \
2021-12-24 01:04:57.627420 +0000 build-archlinux: for repo in `echo $repos_to_update|tr ' ' '\n'|sort|uniq`; do \
2021-12-24 01:04:57.627428 +0000 build-archlinux: .[ -z "$repo" ] && continue; \
2021-12-24 01:04:57.627438 +0000 build-archlinux: .[ -x "$repo/../update_repo-current.sh" ] || continue; \
2021-12-24 01:04:57.627448 +0000 build-archlinux: .(cd $repo/.. && ./update_repo-current.sh r4.1 $pkgset_dist); \
2021-12-24 01:04:57.627455 +0000 build-archlinux: done
2021-12-24 01:04:57.637320 +0000 build-archlinux: ++ '[' -z r4.1/current ']'
2021-12-24 01:04:57.638560 +0000 build-archlinux: ++++ dirname ./update_repo-current.sh
2021-12-24 01:04:57.639362 +0000 build-archlinux: +++ readlink -f .
2021-12-24 01:04:57.640204 +0000 build-archlinux: ++ localdir=/home/user/builder-r4.1/qubes-src/linux-repo-archlinux
2021-12-24 01:04:57.640247 +0000 build-archlinux: ++ name=vm-archlinux
2021-12-24 01:04:57.640262 +0000 build-archlinux: ++ repo_type=current
2021-12-24 01:04:57.640272 +0000 build-archlinux: ++ repo_version=r4.1
2021-12-24 01:04:57.640286 +0000 build-archlinux: ++ archlinux_directory=/home/user/builder-r4.1/qubes-src/linux-repo-archlinux/r4.1/current/vm/archlinux
2021-12-24 01:04:57.640302 +0000 build-archlinux: ++ package_directory=/home/user/builder-r4.1/qubes-src/linux-repo-archlinux/r4.1/current/vm/archlinux/pkgs
2021-12-24 01:04:57.640312 +0000 build-archlinux: ++ db=qubes-r4.1-current.db
2021-12-24 01:04:57.640326 +0000 build-archlinux: ++ chroot_dir=/home/user/builder-r4.1/qubes-src/linux-repo-archlinux/../../chroot-vm-archlinux/
2021-12-24 01:04:57.640336 +0000 build-archlinux: ++ trap exit_update 0 1 2 3 6 15
2021-12-24 01:04:57.640350 +0000 build-archlinux: ++ sudo mkdir -p /home/user/builder-r4.1/qubes-src/linux-repo-archlinux/../../chroot-vm-archlinux//tmp/qubes-archlinux
2021-12-24 01:04:57.659075 +0000 build-archlinux: ++ '[' -d /home/user/builder-r4.1/qubes-src/linux-repo-archlinux/../../chroot-vm-archlinux//tmp/qubes-archlinux/pkgs ']'
2021-12-24 01:04:57.659131 +0000 build-archlinux: ++ sudo mount --bind /home/user/builder-r4.1/qubes-src/linux-repo-archlinux/r4.1/current/vm/archlinux /home/user/builder-r4.1/qubes-src/linux-repo-archlinux/../../chroot-vm-archlinux//tmp/qubes-archlinux
2021-12-24 01:04:57.677977 +0000 build-archlinux: ++ sudo chroot /home/user/builder-r4.1/qubes-src/linux-repo-archlinux/../../chroot-vm-archlinux/ su user -c 'cd /tmp/qubes-archlinux/pkgs; for pkg in $(ls -v qubes*.pkg.tar.zst) ; do repo-add qubes-r4.1-current.db.tar.gz "$pkg";done;'
2021-12-24 01:04:57.696568 +0000 build-archlinux: bash: warning: setlocale: LC_ALL: cannot change locale (C.UTF-8)
2021-12-24 01:04:57.700259 +0000 build-archlinux: /usr/bin/bash: warning: setlocale: LC_ALL: cannot change locale (C.UTF-8)
2021-12-24 01:04:57.711493 +0000 build-archlinux: ==> Extracting qubes-r4.1-current.db.tar.gz to a temporary location...
2021-12-24 01:04:57.714239 +0000 build-archlinux: bsdtar: Failed to set default locale
2021-12-24 01:04:57.717710 +0000 build-archlinux: ==> Extracting qubes-r4.1-current.files.tar.gz to a temporary location...
2021-12-24 01:04:57.719496 +0000 build-archlinux: bsdtar: Failed to set default locale
2021-12-24 01:04:57.727215 +0000 build-archlinux: ==> Adding package 'qubes-db-vm-4.1.10-5-x86_64.pkg.tar.zst'
2021-12-24 01:04:57.728443 +0000 build-archlinux: bsdtar: Failed to set default locale
2021-12-24 01:04:57.739705 +0000 build-archlinux: ==> WARNING: An entry for 'qubes-db-vm-4.1.10-5' already existed
2021-12-24 01:04:57.743036 +0000 build-archlinux:   -> Adding package signature...
2021-12-24 01:04:57.747535 +0000 build-archlinux:   -> Computing checksums...
2021-12-24 01:04:57.752023 +0000 build-archlinux:   -> Removing existing entry 'qubes-db-vm-4.1.10-5'...
2021-12-24 01:04:57.759590 +0000 build-archlinux:   -> Creating 'desc' db entry...
2021-12-24 01:04:57.762212 +0000 build-archlinux:   -> Creating 'files' db entry...
2021-12-24 01:04:57.766039 +0000 build-archlinux: bsdtar: Failed to set default locale
2021-12-24 01:04:57.782471 +0000 build-archlinux: ==> Creating updated database file 'qubes-r4.1-current.db.tar.gz'
2021-12-24 01:04:57.782520 +0000 build-archlinux: bsdtar: Failed to set default locale
2021-12-24 01:04:57.782533 +0000 build-archlinux: bsdtar: Failed to set default locale
2021-12-24 01:04:57.798017 +0000 build-archlinux: /usr/bin/bash: warning: setlocale: LC_ALL: cannot change locale (C.UTF-8)
2021-12-24 01:04:57.814331 +0000 build-archlinux: ==> Extracting qubes-r4.1-current.db.tar.gz to a temporary location...
2021-12-24 01:04:57.814377 +0000 build-archlinux: bsdtar: Failed to set default locale
2021-12-24 01:04:57.817699 +0000 build-archlinux: ==> Extracting qubes-r4.1-current.files.tar.gz to a temporary location...
2021-12-24 01:04:57.818959 +0000 build-archlinux: bsdtar: Failed to set default locale
2021-12-24 01:04:57.824973 +0000 build-archlinux: ==> Adding package 'qubes-gpg-split-2.0.49-1-x86_64.pkg.tar.zst'
2021-12-24 01:04:57.827185 +0000 build-archlinux: bsdtar: Failed to set default locale
2021-12-24 01:04:57.839793 +0000 build-archlinux: ==> WARNING: An entry for 'qubes-gpg-split-2.0.49-1' already existed
2021-12-24 01:04:57.843634 +0000 build-archlinux:   -> Adding package signature...
2021-12-24 01:04:57.874241 +0000 build-archlinux:   -> Computing checksums...
2021-12-24 01:04:57.874289 +0000 build-archlinux:   -> Removing existing entry 'qubes-gpg-split-2.0.49-1'...
2021-12-24 01:04:57.874302 +0000 build-archlinux:   -> Creating 'desc' db entry...
2021-12-24 01:04:57.874316 +0000 build-archlinux:   -> Creating 'files' db entry...
2021-12-24 01:04:57.874325 +0000 build-archlinux: bsdtar: Failed to set default locale
2021-12-24 01:04:57.874336 +0000 build-archlinux: ==> Creating updated database file 'qubes-r4.1-current.db.tar.gz'
2021-12-24 01:04:57.874345 +0000 build-archlinux: bsdtar: Failed to set default locale
2021-12-24 01:04:57.932388 +0000 build-archlinux: bsdtar: Failed to set default locale
2021-12-24 01:04:57.967671 +0000 build-archlinux: /usr/bin/bash: warning: setlocale: LC_ALL: cannot change locale (C.UTF-8)
2021-12-24 01:04:57.982316 +0000 build-archlinux: ==> Extracting qubes-r4.1-current.db.tar.gz to a temporary location...
2021-12-24 01:04:57.986066 +0000 build-archlinux: bsdtar: Failed to set default locale
2021-12-24 01:04:57.990201 +0000 build-archlinux: ==> Extracting qubes-r4.1-current.files.tar.gz to a temporary location...
2021-12-24 01:04:57.993920 +0000 build-archlinux: bsdtar: Failed to set default locale
2021-12-24 01:04:57.999100 +0000 build-archlinux: ==> Adding package 'qubes-libvchan-xen-4.1.7-2-x86_64.pkg.tar.zst'
2021-12-24 01:04:58.001699 +0000 build-archlinux: bsdtar: Failed to set default locale
2021-12-24 01:04:58.022940 +0000 build-archlinux: ==> WARNING: An entry for 'qubes-libvchan-xen-4.1.7-2' already existed
2021-12-24 01:04:58.025262 +0000 build-archlinux:   -> Adding package signature...
2021-12-24 01:04:58.031085 +0000 build-archlinux:   -> Computing checksums...
2021-12-24 01:04:58.035996 +0000 build-archlinux:   -> Removing existing entry 'qubes-libvchan-xen-4.1.7-2'...
2021-12-24 01:04:58.043393 +0000 build-archlinux:   -> Creating 'desc' db entry...
2021-12-24 01:04:58.046445 +0000 build-archlinux:   -> Creating 'files' db entry...
2021-12-24 01:04:58.049127 +0000 build-archlinux: bsdtar: Failed to set default locale
2021-12-24 01:04:58.055198 +0000 build-archlinux: ==> Creating updated database file 'qubes-r4.1-current.db.tar.gz'
2021-12-24 01:04:58.055246 +0000 build-archlinux: bsdtar: Failed to set default locale
2021-12-24 01:04:58.064976 +0000 build-archlinux: bsdtar: Failed to set default locale
2021-12-24 01:04:58.089971 +0000 build-archlinux: /usr/bin/bash: warning: setlocale: LC_ALL: cannot change locale (C.UTF-8)
2021-12-24 01:04:58.101205 +0000 build-archlinux: ==> Extracting qubes-r4.1-current.db.tar.gz to a temporary location...
2021-12-24 01:04:58.104680 +0000 build-archlinux: bsdtar: Failed to set default locale
2021-12-24 01:04:58.108208 +0000 build-archlinux: ==> Extracting qubes-r4.1-current.files.tar.gz to a temporary location...
2021-12-24 01:04:58.114782 +0000 build-archlinux: bsdtar: Failed to set default locale
2021-12-24 01:04:58.116522 +0000 build-archlinux: ==> Adding package 'qubes-vm-core-4.1.18-15-x86_64.pkg.tar.zst'
2021-12-24 01:04:58.121760 +0000 build-archlinux: bsdtar: Failed to set default locale
2021-12-24 01:04:58.165209 +0000 build-archlinux: ==> WARNING: A newer version for 'qubes-vm-core' is already present in database
2021-12-24 01:04:58.169562 +0000 build-archlinux:   -> Adding package signature...
2021-12-24 01:04:58.176411 +0000 build-archlinux:   -> Computing checksums...
2021-12-24 01:04:58.180243 +0000 build-archlinux:   -> Removing existing entry 'qubes-vm-core-4.1.25-15'...
2021-12-24 01:04:58.194529 +0000 build-archlinux:   -> Creating 'desc' db entry...
2021-12-24 01:04:58.194576 +0000 build-archlinux:   -> Creating 'files' db entry...
2021-12-24 01:04:58.194589 +0000 build-archlinux: bsdtar: Failed to set default locale
2021-12-24 01:04:58.202572 +0000 build-archlinux: ==> Creating updated database file 'qubes-r4.1-current.db.tar.gz'
2021-12-24 01:04:58.202617 +0000 build-archlinux: bsdtar: Failed to set default locale
2021-12-24 01:04:58.214030 +0000 build-archlinux: bsdtar: Failed to set default locale
2021-12-24 01:04:58.237372 +0000 build-archlinux: /usr/bin/bash: warning: setlocale: LC_ALL: cannot change locale (C.UTF-8)
2021-12-24 01:04:58.257546 +0000 build-archlinux: ==> Extracting qubes-r4.1-current.db.tar.gz to a temporary location...
2021-12-24 01:04:58.257594 +0000 build-archlinux: bsdtar: Failed to set default locale
2021-12-24 01:04:58.260686 +0000 build-archlinux: ==> Extracting qubes-r4.1-current.files.tar.gz to a temporary location...
2021-12-24 01:04:58.263690 +0000 build-archlinux: bsdtar: Failed to set default locale
2021-12-24 01:04:58.269217 +0000 build-archlinux: ==> Adding package 'qubes-vm-core-4.1.24-15-x86_64.pkg.tar.zst'
2021-12-24 01:04:58.272173 +0000 build-archlinux: bsdtar: Failed to set default locale
2021-12-24 01:04:58.323501 +0000 build-archlinux:   -> Adding package signature...
2021-12-24 01:04:58.328467 +0000 build-archlinux:   -> Computing checksums...
2021-12-24 01:04:58.334341 +0000 build-archlinux:   -> Removing existing entry 'qubes-vm-core-4.1.18-15'...
2021-12-24 01:04:58.342153 +0000 build-archlinux:   -> Creating 'desc' db entry...
2021-12-24 01:04:58.343560 +0000 build-archlinux:   -> Creating 'files' db entry...
2021-12-24 01:04:58.346438 +0000 build-archlinux: bsdtar: Failed to set default locale
2021-12-24 01:04:58.350589 +0000 build-archlinux: ==> Creating updated database file 'qubes-r4.1-current.db.tar.gz'
2021-12-24 01:04:58.352674 +0000 build-archlinux: bsdtar: Failed to set default locale
2021-12-24 01:04:58.362267 +0000 build-archlinux: bsdtar: Failed to set default locale
2021-12-24 01:04:58.389342 +0000 build-archlinux: /usr/bin/bash: warning: setlocale: LC_ALL: cannot change locale (C.UTF-8)
2021-12-24 01:04:58.403546 +0000 build-archlinux: ==> Extracting qubes-r4.1-current.db.tar.gz to a temporary location...
2021-12-24 01:04:58.408022 +0000 build-archlinux: bsdtar: Failed to set default locale
2021-12-24 01:04:58.410790 +0000 build-archlinux: ==> Extracting qubes-r4.1-current.files.tar.gz to a temporary location...
2021-12-24 01:04:58.413441 +0000 build-archlinux: bsdtar: Failed to set default locale
2021-12-24 01:04:58.419654 +0000 build-archlinux: ==> Adding package 'qubes-vm-core-4.1.25-15-x86_64.pkg.tar.zst'
2021-12-24 01:04:58.428540 +0000 build-archlinux: bsdtar: Failed to set default locale
2021-12-24 01:04:58.467245 +0000 build-archlinux:   -> Adding package signature...
2021-12-24 01:04:58.471286 +0000 build-archlinux:   -> Computing checksums...
2021-12-24 01:04:58.477456 +0000 build-archlinux:   -> Removing existing entry 'qubes-vm-core-4.1.24-15'...
2021-12-24 01:04:58.489142 +0000 build-archlinux:   -> Creating 'desc' db entry...
2021-12-24 01:04:58.489201 +0000 build-archlinux:   -> Creating 'files' db entry...
2021-12-24 01:04:58.490534 +0000 build-archlinux: bsdtar: Failed to set default locale
2021-12-24 01:04:58.498777 +0000 build-archlinux: ==> Creating updated database file 'qubes-r4.1-current.db.tar.gz'
2021-12-24 01:04:58.500305 +0000 build-archlinux: bsdtar: Failed to set default locale
2021-12-24 01:04:58.505206 +0000 build-archlinux: bsdtar: Failed to set default locale
2021-12-24 01:04:58.527531 +0000 build-archlinux: /usr/bin/bash: warning: setlocale: LC_ALL: cannot change locale (C.UTF-8)
2021-12-24 01:04:58.539242 +0000 build-archlinux: ==> Extracting qubes-r4.1-current.db.tar.gz to a temporary location...
2021-12-24 01:04:58.541225 +0000 build-archlinux: bsdtar: Failed to set default locale
2021-12-24 01:04:58.555947 +0000 build-archlinux: ==> Extracting qubes-r4.1-current.files.tar.gz to a temporary location...
2021-12-24 01:04:58.556015 +0000 build-archlinux: bsdtar: Failed to set default locale
2021-12-24 01:04:58.556167 +0000 build-archlinux: ==> Adding package 'qubes-vm-dependencies-4.1.11-1-x86_64.pkg.tar.zst'
2021-12-24 01:04:58.556188 +0000 build-archlinux: bsdtar: Failed to set default locale
2021-12-24 01:04:58.566878 +0000 build-archlinux: ==> WARNING: An entry for 'qubes-vm-dependencies-4.1.11-1' already existed
2021-12-24 01:04:58.572001 +0000 build-archlinux:   -> Adding package signature...
2021-12-24 01:04:58.576267 +0000 build-archlinux:   -> Computing checksums...
2021-12-24 01:04:58.583547 +0000 build-archlinux:   -> Removing existing entry 'qubes-vm-dependencies-4.1.11-1'...
2021-12-24 01:04:58.587776 +0000 build-archlinux:   -> Creating 'desc' db entry...
2021-12-24 01:04:58.592886 +0000 build-archlinux:   -> Creating 'files' db entry...
2021-12-24 01:04:58.594448 +0000 build-archlinux: bsdtar: Failed to set default locale
2021-12-24 01:04:58.600514 +0000 build-archlinux: ==> Creating updated database file 'qubes-r4.1-current.db.tar.gz'
2021-12-24 01:04:58.602323 +0000 build-archlinux: bsdtar: Failed to set default locale
2021-12-24 01:04:58.608542 +0000 build-archlinux: bsdtar: Failed to set default locale
2021-12-24 01:04:58.629768 +0000 build-archlinux: /usr/bin/bash: warning: setlocale: LC_ALL: cannot change locale (C.UTF-8)
2021-12-24 01:04:58.642423 +0000 build-archlinux: ==> Extracting qubes-r4.1-current.db.tar.gz to a temporary location...
2021-12-24 01:04:58.644528 +0000 build-archlinux: bsdtar: Failed to set default locale
2021-12-24 01:04:58.648458 +0000 build-archlinux: ==> Extracting qubes-r4.1-current.files.tar.gz to a temporary location...
2021-12-24 01:04:58.650266 +0000 build-archlinux: bsdtar: Failed to set default locale
2021-12-24 01:04:58.657051 +0000 build-archlinux: ==> Adding package 'qubes-vm-gui-4.1.16-10-x86_64.pkg.tar.zst'
2021-12-24 01:04:58.662317 +0000 build-archlinux: bsdtar: Failed to set default locale
2021-12-24 01:04:58.686041 +0000 build-archlinux: ==> WARNING: An entry for 'qubes-vm-gui-4.1.16-10' already existed
2021-12-24 01:04:58.689970 +0000 build-archlinux:   -> Adding package signature...
2021-12-24 01:04:58.694008 +0000 build-archlinux:   -> Computing checksums...
2021-12-24 01:04:58.699757 +0000 build-archlinux:   -> Removing existing entry 'qubes-vm-gui-4.1.16-10'...
2021-12-24 01:04:58.707447 +0000 build-archlinux:   -> Creating 'desc' db entry...
2021-12-24 01:04:58.712370 +0000 build-archlinux:   -> Creating 'files' db entry...
2021-12-24 01:04:58.712417 +0000 build-archlinux: bsdtar: Failed to set default locale
2021-12-24 01:04:58.719276 +0000 build-archlinux: ==> Creating updated database file 'qubes-r4.1-current.db.tar.gz'
2021-12-24 01:04:58.721182 +0000 build-archlinux: bsdtar: Failed to set default locale
2021-12-24 01:04:58.733155 +0000 build-archlinux: bsdtar: Failed to set default locale
2021-12-24 01:04:58.754478 +0000 build-archlinux: /usr/bin/bash: warning: setlocale: LC_ALL: cannot change locale (C.UTF-8)
2021-12-24 01:04:58.773089 +0000 build-archlinux: ==> Extracting qubes-r4.1-current.db.tar.gz to a temporary location...
2021-12-24 01:04:58.773141 +0000 build-archlinux: bsdtar: Failed to set default locale
2021-12-24 01:04:58.774443 +0000 build-archlinux: ==> Extracting qubes-r4.1-current.files.tar.gz to a temporary location...
2021-12-24 01:04:58.774489 +0000 build-archlinux: bsdtar: Failed to set default locale
2021-12-24 01:04:58.782751 +0000 build-archlinux: ==> Adding package 'qubes-vm-kernel-support-4.1.12-10-x86_64.pkg.tar.zst'
2021-12-24 01:04:58.782797 +0000 build-archlinux: bsdtar: Failed to set default locale
2021-12-24 01:04:58.799174 +0000 build-archlinux: ==> WARNING: A newer version for 'qubes-vm-kernel-support' is already present in database
2021-12-24 01:04:58.802959 +0000 build-archlinux:   -> Adding package signature...
2021-12-24 01:04:58.809232 +0000 build-archlinux:   -> Computing checksums...
2021-12-24 01:04:58.813961 +0000 build-archlinux:   -> Removing existing entry 'qubes-vm-kernel-support-4.1.13-10'...
2021-12-24 01:04:58.822680 +0000 build-archlinux:   -> Creating 'desc' db entry...
2021-12-24 01:04:58.826697 +0000 build-archlinux:   -> Creating 'files' db entry...
2021-12-24 01:04:58.827943 +0000 build-archlinux: bsdtar: Failed to set default locale
2021-12-24 01:04:58.831720 +0000 build-archlinux: ==> Creating updated database file 'qubes-r4.1-current.db.tar.gz'
2021-12-24 01:04:58.831772 +0000 build-archlinux: bsdtar: Failed to set default locale
2021-12-24 01:04:58.844707 +0000 build-archlinux: bsdtar: Failed to set default locale
2021-12-24 01:04:58.861180 +0000 build-archlinux: /usr/bin/bash: warning: setlocale: LC_ALL: cannot change locale (C.UTF-8)
2021-12-24 01:04:58.876512 +0000 build-archlinux: ==> Extracting qubes-r4.1-current.db.tar.gz to a temporary location...
2021-12-24 01:04:58.878321 +0000 build-archlinux: bsdtar: Failed to set default locale
2021-12-24 01:04:58.884199 +0000 build-archlinux: ==> Extracting qubes-r4.1-current.files.tar.gz to a temporary location...
2021-12-24 01:04:58.885991 +0000 build-archlinux: bsdtar: Failed to set default locale
2021-12-24 01:04:58.893031 +0000 build-archlinux: ==> Adding package 'qubes-vm-kernel-support-4.1.13-10-x86_64.pkg.tar.zst'
2021-12-24 01:04:58.896871 +0000 build-archlinux: bsdtar: Failed to set default locale
2021-12-24 01:04:58.920097 +0000 build-archlinux:   -> Adding package signature...
2021-12-24 01:04:58.931877 +0000 build-archlinux:   -> Computing checksums...
2021-12-24 01:04:58.931930 +0000 build-archlinux:   -> Removing existing entry 'qubes-vm-kernel-support-4.1.12-10'...
2021-12-24 01:04:58.937933 +0000 build-archlinux:   -> Creating 'desc' db entry...
2021-12-24 01:04:58.939439 +0000 build-archlinux:   -> Creating 'files' db entry...
2021-12-24 01:04:58.941440 +0000 build-archlinux: bsdtar: Failed to set default locale
2021-12-24 01:04:58.944296 +0000 build-archlinux: ==> Creating updated database file 'qubes-r4.1-current.db.tar.gz'
2021-12-24 01:04:58.947151 +0000 build-archlinux: bsdtar: Failed to set default locale
2021-12-24 01:04:58.956590 +0000 build-archlinux: bsdtar: Failed to set default locale
2021-12-24 01:04:58.980510 +0000 build-archlinux: /usr/bin/bash: warning: setlocale: LC_ALL: cannot change locale (C.UTF-8)
2021-12-24 01:04:58.998542 +0000 build-archlinux: ==> Extracting qubes-r4.1-current.db.tar.gz to a temporary location...
2021-12-24 01:04:58.998589 +0000 build-archlinux: bsdtar: Failed to set default locale
2021-12-24 01:04:59.001929 +0000 build-archlinux: ==> Extracting qubes-r4.1-current.files.tar.gz to a temporary location...
2021-12-24 01:04:59.004247 +0000 build-archlinux: bsdtar: Failed to set default locale
2021-12-24 01:04:59.008625 +0000 build-archlinux: ==> Adding package 'qubes-vm-keyring-4.1.18-15-x86_64.pkg.tar.zst'
2021-12-24 01:04:59.011059 +0000 build-archlinux: bsdtar: Failed to set default locale
2021-12-24 01:04:59.031290 +0000 build-archlinux: ==> WARNING: A newer version for 'qubes-vm-keyring' is already present in database
2021-12-24 01:04:59.034823 +0000 build-archlinux:   -> Adding package signature...
2021-12-24 01:04:59.039696 +0000 build-archlinux:   -> Computing checksums...
2021-12-24 01:04:59.044267 +0000 build-archlinux:   -> Removing existing entry 'qubes-vm-keyring-4.1.25-15'...
2021-12-24 01:04:59.051778 +0000 build-archlinux:   -> Creating 'desc' db entry...
2021-12-24 01:04:59.054191 +0000 build-archlinux:   -> Creating 'files' db entry...
2021-12-24 01:04:59.055436 +0000 build-archlinux: bsdtar: Failed to set default locale
2021-12-24 01:04:59.060181 +0000 build-archlinux: ==> Creating updated database file 'qubes-r4.1-current.db.tar.gz'
2021-12-24 01:04:59.064165 +0000 build-archlinux: bsdtar: Failed to set default locale
2021-12-24 01:04:59.068994 +0000 build-archlinux: bsdtar: Failed to set default locale
2021-12-24 01:04:59.092766 +0000 build-archlinux: /usr/bin/bash: warning: setlocale: LC_ALL: cannot change locale (C.UTF-8)
2021-12-24 01:04:59.105702 +0000 build-archlinux: ==> Extracting qubes-r4.1-current.db.tar.gz to a temporary location...
2021-12-24 01:04:59.108781 +0000 build-archlinux: bsdtar: Failed to set default locale
2021-12-24 01:04:59.114320 +0000 build-archlinux: ==> Extracting qubes-r4.1-current.files.tar.gz to a temporary location...
2021-12-24 01:04:59.114379 +0000 build-archlinux: bsdtar: Failed to set default locale
2021-12-24 01:04:59.120789 +0000 build-archlinux: ==> Adding package 'qubes-vm-keyring-4.1.24-15-x86_64.pkg.tar.zst'
2021-12-24 01:04:59.122879 +0000 build-archlinux: bsdtar: Failed to set default locale
2021-12-24 01:04:59.145724 +0000 build-archlinux:   -> Adding package signature...
2021-12-24 01:04:59.155202 +0000 build-archlinux:   -> Computing checksums...
2021-12-24 01:04:59.155252 +0000 build-archlinux:   -> Removing existing entry 'qubes-vm-keyring-4.1.18-15'...
2021-12-24 01:04:59.161192 +0000 build-archlinux:   -> Creating 'desc' db entry...
2021-12-24 01:04:59.164946 +0000 build-archlinux:   -> Creating 'files' db entry...
2021-12-24 01:04:59.168488 +0000 build-archlinux: bsdtar: Failed to set default locale
2021-12-24 01:04:59.170097 +0000 build-archlinux: ==> Creating updated database file 'qubes-r4.1-current.db.tar.gz'
2021-12-24 01:04:59.172475 +0000 build-archlinux: bsdtar: Failed to set default locale
2021-12-24 01:04:59.181971 +0000 build-archlinux: bsdtar: Failed to set default locale
2021-12-24 01:04:59.205513 +0000 build-archlinux: /usr/bin/bash: warning: setlocale: LC_ALL: cannot change locale (C.UTF-8)
2021-12-24 01:04:59.226790 +0000 build-archlinux: ==> Extracting qubes-r4.1-current.db.tar.gz to a temporary location...
2021-12-24 01:04:59.226838 +0000 build-archlinux: bsdtar: Failed to set default locale
2021-12-24 01:04:59.226854 +0000 build-archlinux: ==> Extracting qubes-r4.1-current.files.tar.gz to a temporary location...
2021-12-24 01:04:59.226864 +0000 build-archlinux: bsdtar: Failed to set default locale
2021-12-24 01:04:59.235384 +0000 build-archlinux: ==> Adding package 'qubes-vm-keyring-4.1.25-15-x86_64.pkg.tar.zst'
2021-12-24 01:04:59.235431 +0000 build-archlinux: bsdtar: Failed to set default locale
2021-12-24 01:04:59.259544 +0000 build-archlinux:   -> Adding package signature...
2021-12-24 01:04:59.263849 +0000 build-archlinux:   -> Computing checksums...
2021-12-24 01:04:59.271722 +0000 build-archlinux:   -> Removing existing entry 'qubes-vm-keyring-4.1.24-15'...
2021-12-24 01:04:59.282575 +0000 build-archlinux:   -> Creating 'desc' db entry...
2021-12-24 01:04:59.284164 +0000 build-archlinux:   -> Creating 'files' db entry...
2021-12-24 01:04:59.284827 +0000 build-archlinux: bsdtar: Failed to set default locale
2021-12-24 01:04:59.287502 +0000 build-archlinux: ==> Creating updated database file 'qubes-r4.1-current.db.tar.gz'
2021-12-24 01:04:59.291202 +0000 build-archlinux: bsdtar: Failed to set default locale
2021-12-24 01:04:59.303047 +0000 build-archlinux: bsdtar: Failed to set default locale
2021-12-24 01:04:59.328403 +0000 build-archlinux: /usr/bin/bash: warning: setlocale: LC_ALL: cannot change locale (C.UTF-8)
2021-12-24 01:04:59.343876 +0000 build-archlinux: ==> Extracting qubes-r4.1-current.db.tar.gz to a temporary location...
2021-12-24 01:04:59.343926 +0000 build-archlinux: bsdtar: Failed to set default locale
2021-12-24 01:04:59.350034 +0000 build-archlinux: ==> Extracting qubes-r4.1-current.files.tar.gz to a temporary location...
2021-12-24 01:04:59.365366 +0000 build-archlinux: bsdtar: Failed to set default locale
2021-12-24 01:04:59.365419 +0000 build-archlinux: ==> Adding package 'qubes-vm-networking-4.1.18-15-x86_64.pkg.tar.zst'
2021-12-24 01:04:59.365432 +0000 build-archlinux: bsdtar: Failed to set default locale
2021-12-24 01:04:59.383001 +0000 build-archlinux: ==> WARNING: A newer version for 'qubes-vm-networking' is already present in database
2021-12-24 01:04:59.387467 +0000 build-archlinux:   -> Adding package signature...
2021-12-24 01:04:59.395143 +0000 build-archlinux:   -> Computing checksums...
2021-12-24 01:04:59.398434 +0000 build-archlinux:   -> Removing existing entry 'qubes-vm-networking-4.1.25-15'...
2021-12-24 01:04:59.408357 +0000 build-archlinux:   -> Creating 'desc' db entry...
2021-12-24 01:04:59.411390 +0000 build-archlinux:   -> Creating 'files' db entry...
2021-12-24 01:04:59.414474 +0000 build-archlinux: bsdtar: Failed to set default locale
2021-12-24 01:04:59.417192 +0000 build-archlinux: ==> Creating updated database file 'qubes-r4.1-current.db.tar.gz'
2021-12-24 01:04:59.420268 +0000 build-archlinux: bsdtar: Failed to set default locale
2021-12-24 01:04:59.429186 +0000 build-archlinux: bsdtar: Failed to set default locale
2021-12-24 01:04:59.448055 +0000 build-archlinux: /usr/bin/bash: warning: setlocale: LC_ALL: cannot change locale (C.UTF-8)
2021-12-24 01:04:59.465772 +0000 build-archlinux: ==> Extracting qubes-r4.1-current.db.tar.gz to a temporary location...
2021-12-24 01:04:59.465821 +0000 build-archlinux: bsdtar: Failed to set default locale
2021-12-24 01:04:59.470917 +0000 build-archlinux: ==> Extracting qubes-r4.1-current.files.tar.gz to a temporary location...
2021-12-24 01:04:59.474041 +0000 build-archlinux: bsdtar: Failed to set default locale
2021-12-24 01:04:59.478561 +0000 build-archlinux: ==> Adding package 'qubes-vm-networking-4.1.24-15-x86_64.pkg.tar.zst'
2021-12-24 01:04:59.480582 +0000 build-archlinux: bsdtar: Failed to set default locale
2021-12-24 01:04:59.515956 +0000 build-archlinux:   -> Adding package signature...
2021-12-24 01:04:59.521634 +0000 build-archlinux:   -> Computing checksums...
2021-12-24 01:04:59.524826 +0000 build-archlinux:   -> Removing existing entry 'qubes-vm-networking-4.1.18-15'...
2021-12-24 01:04:59.533522 +0000 build-archlinux:   -> Creating 'desc' db entry...
2021-12-24 01:04:59.536811 +0000 build-archlinux:   -> Creating 'files' db entry...
2021-12-24 01:04:59.545208 +0000 build-archlinux: bsdtar: Failed to set default locale
2021-12-24 01:04:59.545259 +0000 build-archlinux: ==> Creating updated database file 'qubes-r4.1-current.db.tar.gz'
2021-12-24 01:04:59.549894 +0000 build-archlinux: bsdtar: Failed to set default locale
2021-12-24 01:04:59.556522 +0000 build-archlinux: bsdtar: Failed to set default locale
2021-12-24 01:04:59.581611 +0000 build-archlinux: /usr/bin/bash: warning: setlocale: LC_ALL: cannot change locale (C.UTF-8)
2021-12-24 01:04:59.592945 +0000 build-archlinux: ==> Extracting qubes-r4.1-current.db.tar.gz to a temporary location...
2021-12-24 01:04:59.595354 +0000 build-archlinux: bsdtar: Failed to set default locale
2021-12-24 01:04:59.604512 +0000 build-archlinux: ==> Extracting qubes-r4.1-current.files.tar.gz to a temporary location...
2021-12-24 01:04:59.604560 +0000 build-archlinux: bsdtar: Failed to set default locale
2021-12-24 01:04:59.612787 +0000 build-archlinux: ==> Adding package 'qubes-vm-networking-4.1.25-15-x86_64.pkg.tar.zst'
2021-12-24 01:04:59.612843 +0000 build-archlinux: bsdtar: Failed to set default locale
2021-12-24 01:04:59.647128 +0000 build-archlinux:   -> Adding package signature...
2021-12-24 01:04:59.655947 +0000 build-archlinux:   -> Computing checksums...
2021-12-24 01:04:59.659627 +0000 build-archlinux:   -> Removing existing entry 'qubes-vm-networking-4.1.24-15'...
2021-12-24 01:04:59.665678 +0000 build-archlinux:   -> Creating 'desc' db entry...
2021-12-24 01:04:59.671137 +0000 build-archlinux:   -> Creating 'files' db entry...
2021-12-24 01:04:59.671185 +0000 build-archlinux: bsdtar: Failed to set default locale
2021-12-24 01:04:59.680489 +0000 build-archlinux: ==> Creating updated database file 'qubes-r4.1-current.db.tar.gz'
2021-12-24 01:04:59.680535 +0000 build-archlinux: bsdtar: Failed to set default locale
2021-12-24 01:04:59.684136 +0000 build-archlinux: bsdtar: Failed to set default locale
2021-12-24 01:04:59.710368 +0000 build-archlinux: /usr/bin/bash: warning: setlocale: LC_ALL: cannot change locale (C.UTF-8)
2021-12-24 01:04:59.726463 +0000 build-archlinux: ==> Extracting qubes-r4.1-current.db.tar.gz to a temporary location...
2021-12-24 01:04:59.727706 +0000 build-archlinux: bsdtar: Failed to set default locale
2021-12-24 01:04:59.732453 +0000 build-archlinux: ==> Extracting qubes-r4.1-current.files.tar.gz to a temporary location...
2021-12-24 01:04:59.733696 +0000 build-archlinux: bsdtar: Failed to set default locale
2021-12-24 01:04:59.738692 +0000 build-archlinux: ==> Adding package 'qubes-vm-passwordless-root-4.1.18-15-x86_64.pkg.tar.zst'
2021-12-24 01:04:59.742868 +0000 build-archlinux: bsdtar: Failed to set default locale
2021-12-24 01:04:59.764634 +0000 build-archlinux: ==> WARNING: A newer version for 'qubes-vm-passwordless-root' is already present in database
2021-12-24 01:04:59.770829 +0000 build-archlinux:   -> Adding package signature...
2021-12-24 01:04:59.775794 +0000 build-archlinux:   -> Computing checksums...
2021-12-24 01:04:59.779508 +0000 build-archlinux:   -> Removing existing entry 'qubes-vm-passwordless-root-4.1.25-15'...
2021-12-24 01:04:59.791433 +0000 build-archlinux:   -> Creating 'desc' db entry...
2021-12-24 01:04:59.791481 +0000 build-archlinux:   -> Creating 'files' db entry...
2021-12-24 01:04:59.791493 +0000 build-archlinux: bsdtar: Failed to set default locale
2021-12-24 01:04:59.795051 +0000 build-archlinux: ==> Creating updated database file 'qubes-r4.1-current.db.tar.gz'
2021-12-24 01:04:59.809072 +0000 build-archlinux: bsdtar: Failed to set default locale
2021-12-24 01:04:59.809120 +0000 build-archlinux: bsdtar: Failed to set default locale
2021-12-24 01:04:59.829891 +0000 build-archlinux: /usr/bin/bash: warning: setlocale: LC_ALL: cannot change locale (C.UTF-8)
2021-12-24 01:04:59.850077 +0000 build-archlinux: ==> Extracting qubes-r4.1-current.db.tar.gz to a temporary location...
2021-12-24 01:04:59.850133 +0000 build-archlinux: bsdtar: Failed to set default locale
2021-12-24 01:04:59.850152 +0000 build-archlinux: ==> Extracting qubes-r4.1-current.files.tar.gz to a temporary location...
2021-12-24 01:04:59.850164 +0000 build-archlinux: bsdtar: Failed to set default locale
2021-12-24 01:04:59.856740 +0000 build-archlinux: ==> Adding package 'qubes-vm-passwordless-root-4.1.24-15-x86_64.pkg.tar.zst'
2021-12-24 01:04:59.864678 +0000 build-archlinux: bsdtar: Failed to set default locale
2021-12-24 01:04:59.883779 +0000 build-archlinux:   -> Adding package signature...
2021-12-24 01:04:59.888813 +0000 build-archlinux:   -> Computing checksums...
2021-12-24 01:04:59.895393 +0000 build-archlinux:   -> Removing existing entry 'qubes-vm-passwordless-root-4.1.18-15'...
2021-12-24 01:04:59.906034 +0000 build-archlinux:   -> Creating 'desc' db entry...
2021-12-24 01:04:59.906081 +0000 build-archlinux:   -> Creating 'files' db entry...
2021-12-24 01:04:59.906094 +0000 build-archlinux: bsdtar: Failed to set default locale
2021-12-24 01:04:59.912855 +0000 build-archlinux: ==> Creating updated database file 'qubes-r4.1-current.db.tar.gz'
2021-12-24 01:04:59.912902 +0000 build-archlinux: bsdtar: Failed to set default locale
2021-12-24 01:04:59.926492 +0000 build-archlinux: bsdtar: Failed to set default locale
2021-12-24 01:04:59.943917 +0000 build-archlinux: /usr/bin/bash: warning: setlocale: LC_ALL: cannot change locale (C.UTF-8)
2021-12-24 01:04:59.960949 +0000 build-archlinux: ==> Extracting qubes-r4.1-current.db.tar.gz to a temporary location...
2021-12-24 01:04:59.961021 +0000 build-archlinux: bsdtar: Failed to set default locale
