2020-12-07 15:55:11.787079 +0000 > starting log
2020-12-07 15:55:11.787452 +0000 build-archlinux: > starting build with log
2020-12-07 15:55:11.787467 +0000 build-archlinux: >> make args: update-repo-current
2020-12-07 15:55:11.787477 +0000 build-archlinux: >> MAKEFLAGS=
2020-12-07 15:55:11.787487 +0000 build-archlinux: >> COMPONENTS=core-admin-client
2020-12-07 15:55:11.787495 +0000 build-archlinux: >> DISTS_VM=archlinux
2020-12-07 15:55:11.787503 +0000 build-archlinux: >> DIST_DOM0=
2020-12-07 15:55:11.787513 +0000 build-archlinux: >> qubes-builder b989a6bb5f81da8010686e20f1782b576f09cd18
2020-12-07 15:55:11.787525 +0000 build-archlinux: >> qubes-builder/qubes-src/core-admin-client b5a2e362a1ea65ceb3f04f4fbdfbff0a68e20a7a
2020-12-07 15:55:11.787537 +0000 build-archlinux: ================================================================================
2020-12-07 15:55:11.787548 +0000 build-archlinux:                            B U I L D   I N F O                                  
2020-12-07 15:55:11.787559 +0000 build-archlinux: Items in red indicate it was automatically generated by configuration file(s)
2020-12-07 15:55:11.787571 +0000 build-archlinux: Items in white indicate it was automatically removed by configuration file(s)
2020-12-07 15:55:11.787583 +0000 build-archlinux: ================================================================================
2020-12-07 15:55:11.787590 +0000 build-archlinux: DISTS_VM:
2020-12-07 15:55:11.787598 +0000 build-archlinux:      archlinux,
2020-12-07 15:55:11.787605 +0000 build-archlinux: DISTS_ALL:
2020-12-07 15:55:11.787613 +0000 build-archlinux:      vm-archlinux,
2020-12-07 15:55:11.787620 +0000 build-archlinux: DIST_DOM0:
2020-12-07 15:55:11.787627 +0000 build-archlinux:     
2020-12-07 15:55:11.787635 +0000 build-archlinux: BUILDER_PLUGINS:
2020-12-07 15:55:11.787647 +0000 build-archlinux:      builder-archlinux, mgmt-salt, linux-repo-archlinux, release-configs, builder-github,
2020-12-07 15:55:11.787654 +0000 build-archlinux: COMPONENTS:
2020-12-07 15:55:11.787662 +0000 build-archlinux:      core-admin-client,
2020-12-07 15:55:11.787670 +0000 build-archlinux: GIT_REPOS:
2020-12-07 15:55:11.787679 +0000 build-archlinux:      qubes-src/core-admin-client,
2020-12-07 15:55:11.787686 +0000 build-archlinux: TEMPLATE:
2020-12-07 15:55:11.787693 +0000 build-archlinux:     
2020-12-07 15:55:11.787701 +0000 build-archlinux: TEMPLATE_FLAVOR_DIR:
2020-12-07 15:55:11.787707 +0000 build-archlinux:     
2020-12-07 15:55:11.787715 +0000 build-archlinux: TEMPLATE_ALIAS:
2020-12-07 15:55:11.787726 +0000 build-archlinux:      stretch:stretch+standard, stretch+gnome:stretch+gnome+standard,
2020-12-07 15:55:11.787739 +0000 build-archlinux:      stretch+minimal:stretch+minimal+no-recommends, buster:buster+standard, buster+gnome:buster+gnome+standard,
2020-12-07 15:55:11.787751 +0000 build-archlinux:      buster+minimal:buster+minimal+no-recommends, bullseye:bullseye+standard,
2020-12-07 15:55:11.787763 +0000 build-archlinux:      bullseye+gnome:bullseye+gnome+standard, bullseye+minimal:bullseye+minimal+no-recommends,
2020-12-07 15:55:11.787774 +0000 build-archlinux:      whonix-gateway-14:stretch+whonix-gateway+minimal+no-recommends,
2020-12-07 15:55:11.787785 +0000 build-archlinux:      whonix-workstation-14:stretch+whonix-workstation+minimal+no-recommends,
2020-12-07 15:55:11.787796 +0000 build-archlinux:      whonix-gateway-15:buster+whonix-gateway+minimal+no-recommends,
2020-12-07 15:55:11.787807 +0000 build-archlinux:      whonix-workstation-15:buster+whonix-workstation+minimal+no-recommends,
2020-12-07 15:55:11.787815 +0000 build-archlinux: TEMPLATE_LABEL:
2020-12-07 15:55:11.787827 +0000 build-archlinux:      fc25:fedora-25 fc30:fedora-30 fc31:fedora-31 fc32:fedora-32 fc30+minimal:fedora-30-minimal
2020-12-07 15:55:11.787839 +0000 build-archlinux:      fc31+minimal:fedora-31-minimal fc32+minimal:fedora-32-minimal fc30+xfce:fedora-30-xfce
2020-12-07 15:55:11.787852 +0000 build-archlinux:      fc31+xfce:fedora-31-xfce fc32+xfce:fedora-32-xfce stretch:debian-9 stretch+standard:debian-9
2020-12-07 15:55:11.787863 +0000 build-archlinux:      stretch+xfce:debian-9-xfce buster:debian-10 buster+standard:debian-10
2020-12-07 15:55:11.787882 +0000 build-archlinux:      buster+xfce:debian-10-xfce bullseye:debian-11 bullseye+standard:debian-11
2020-12-07 15:55:11.787895 +0000 build-archlinux:      bullseye+xfce:debian-11-xfce stretch+whonix-gateway+minimal+no-recommends:whonix-gw-14
2020-12-07 15:55:11.787906 +0000 build-archlinux:      stretch+whonix-workstation+minimal+no-recommends:whonix-ws-14
2020-12-07 15:55:11.787916 +0000 build-archlinux:      buster+whonix-gateway+minimal+no-recommends:whonix-gw-15
2020-12-07 15:55:11.787928 +0000 build-archlinux:      buster+whonix-workstation+minimal+no-recommends:whonix-ws-15 centos7:centos-7
2020-12-07 15:55:11.787939 +0000 build-archlinux:      centos7+minimal:centos-7-minimal centos7+xfce:centos-7-xfce centos8:centos-8
2020-12-07 15:55:11.787950 +0000 build-archlinux:      centos8+minimal:centos-8-minimal centos8+xfce:centos-8-xfce
2020-12-07 15:55:11.792580 +0000 build-archlinux: > running make
2020-12-07 15:55:11.805239 +0000 build-archlinux: Makefile:890: target 'internal-update-repo-current.vm.archlinux.core-admin-client' does not exist
2020-12-07 15:55:11.805282 +0000 build-archlinux: true
2020-12-07 15:55:11.806702 +0000 build-archlinux: Makefile:807: update target 'internal-update-repo-current.vm.archlinux' due to: internal-update-repo-current.vm.archlinux.core-admin-client
2020-12-07 15:55:11.806742 +0000 build-archlinux: true
2020-12-07 15:55:11.807950 +0000 build-archlinux: Makefile:898: target 'post-update-repo-current' does not exist
2020-12-07 15:55:11.807986 +0000 build-archlinux: for dist in  archlinux; do \
2020-12-07 15:55:11.808000 +0000 build-archlinux: .repo_base_var="LINUX_REPO_${dist}_BASEDIR"; \
2020-12-07 15:55:11.808010 +0000 build-archlinux: .if [ -n "${!repo_base_var}" ]; then \
2020-12-07 15:55:11.808020 +0000 build-archlinux: ..repo_basedir="${!repo_base_var}"; \
2020-12-07 15:55:11.808027 +0000 build-archlinux: .else \
2020-12-07 15:55:11.808038 +0000 build-archlinux: ..repo_basedir="qubes-src/linux-repo-archlinux/r4.0"; \
2020-12-07 15:55:11.808045 +0000 build-archlinux: .fi; \
2020-12-07 15:55:11.808055 +0000 build-archlinux: .repos_to_update="$repos_to_update $repo_basedir"; \
2020-12-07 15:55:11.808062 +0000 build-archlinux: done; \
2020-12-07 15:55:11.808070 +0000 build-archlinux: pkgset_dist= ; \
2020-12-07 15:55:11.808078 +0000 build-archlinux: for dist in ; do \
2020-12-07 15:55:11.808087 +0000 build-archlinux: .pkgset_dist="$pkgset_dist dom0/$dist"; \
2020-12-07 15:55:11.808094 +0000 build-archlinux: done; \
2020-12-07 15:55:11.808103 +0000 build-archlinux: for dist in archlinux; do \
2020-12-07 15:55:11.808112 +0000 build-archlinux: .pkgset_dist="$pkgset_dist vm/$dist"; \
2020-12-07 15:55:11.808119 +0000 build-archlinux: done; \
2020-12-07 15:55:11.808129 +0000 build-archlinux: for repo in `echo $repos_to_update|tr ' ' '\n'|sort|uniq`; do \
2020-12-07 15:55:11.808138 +0000 build-archlinux: .[ -z "$repo" ] && continue; \
2020-12-07 15:55:11.808148 +0000 build-archlinux: .[ -x "$repo/../update_repo-current.sh" ] || continue; \
2020-12-07 15:55:11.808159 +0000 build-archlinux: .(cd $repo/.. && ./update_repo-current.sh r4.0 $pkgset_dist); \
2020-12-07 15:55:11.808166 +0000 build-archlinux: done
2020-12-07 15:55:11.816574 +0000 build-archlinux: ++ '[' -z r4.0/current ']'
2020-12-07 15:55:11.816826 +0000 build-archlinux: ++++ dirname ./update_repo-current.sh
2020-12-07 15:55:11.817726 +0000 build-archlinux: +++ readlink -f .
2020-12-07 15:55:11.818927 +0000 build-archlinux: ++ localdir=/home/user/builder-r4.0/qubes-src/linux-repo-archlinux
2020-12-07 15:55:11.818974 +0000 build-archlinux: ++ name=vm-archlinux
2020-12-07 15:55:11.818990 +0000 build-archlinux: ++ repo_type=current
2020-12-07 15:55:11.819003 +0000 build-archlinux: ++ repo_version=r4.0
2020-12-07 15:55:11.819019 +0000 build-archlinux: ++ archlinux_directory=/home/user/builder-r4.0/qubes-src/linux-repo-archlinux/r4.0/current/vm/archlinux
2020-12-07 15:55:11.819035 +0000 build-archlinux: ++ package_directory=/home/user/builder-r4.0/qubes-src/linux-repo-archlinux/r4.0/current/vm/archlinux/pkgs
2020-12-07 15:55:11.819065 +0000 build-archlinux: ++ db=qubes-r4.0-current.db
2020-12-07 15:55:11.819081 +0000 build-archlinux: ++ chroot_dir=/home/user/builder-r4.0/qubes-src/linux-repo-archlinux/../../chroot-vm-archlinux/
2020-12-07 15:55:11.819092 +0000 build-archlinux: ++ trap exit_update 0 1 2 3 6 15
2020-12-07 15:55:11.819112 +0000 build-archlinux: ++ sudo mkdir -p /home/user/builder-r4.0/qubes-src/linux-repo-archlinux/../../chroot-vm-archlinux//tmp/qubes-archlinux
2020-12-07 15:55:11.832081 +0000 build-archlinux: ++ '[' -d /home/user/builder-r4.0/qubes-src/linux-repo-archlinux/../../chroot-vm-archlinux//tmp/qubes-archlinux/pkgs ']'
2020-12-07 15:55:11.832135 +0000 build-archlinux: ++ sudo mount --bind /home/user/builder-r4.0/qubes-src/linux-repo-archlinux/r4.0/current/vm/archlinux /home/user/builder-r4.0/qubes-src/linux-repo-archlinux/../../chroot-vm-archlinux//tmp/qubes-archlinux
2020-12-07 15:55:11.847717 +0000 build-archlinux: ++ sudo chroot /home/user/builder-r4.0/qubes-src/linux-repo-archlinux/../../chroot-vm-archlinux/ su user -c 'cd /tmp/qubes-archlinux/pkgs; for pkg in $(ls -v qubes*.pkg.tar.zst) ; do repo-add qubes-r4.0-current.db.tar.gz "$pkg";done;'
2020-12-07 15:55:11.859968 +0000 build-archlinux: bash: warning: setlocale: LC_ALL: cannot change locale (C.UTF-8)
2020-12-07 15:55:11.862608 +0000 build-archlinux: /usr/bin/bash: warning: setlocale: LC_ALL: cannot change locale (C.UTF-8)
2020-12-07 15:55:11.872034 +0000 build-archlinux: ==> Extracting qubes-r4.0-current.db.tar.gz to a temporary location...
2020-12-07 15:55:11.873362 +0000 build-archlinux: bsdtar: Failed to set default locale
2020-12-07 15:55:11.876956 +0000 build-archlinux: ==> Extracting qubes-r4.0-current.files.tar.gz to a temporary location...
2020-12-07 15:55:11.878262 +0000 build-archlinux: bsdtar: Failed to set default locale
2020-12-07 15:55:11.882223 +0000 build-archlinux: ==> Adding package 'qubes-db-vm-4.0.15-5-x86_64.pkg.tar.zst'
2020-12-07 15:55:11.883996 +0000 build-archlinux: bsdtar: Failed to set default locale
2020-12-07 15:55:11.891853 +0000 build-archlinux: ==> WARNING: An entry for 'qubes-db-vm-4.0.15-5' already existed
2020-12-07 15:55:11.895043 +0000 build-archlinux:   -> Adding package signature...
2020-12-07 15:55:11.898973 +0000 build-archlinux:   -> Computing checksums...
2020-12-07 15:55:11.903115 +0000 build-archlinux:   -> Removing existing entry 'qubes-db-vm-4.0.15-5'...
2020-12-07 15:55:11.908445 +0000 build-archlinux:   -> Creating 'desc' db entry...
2020-12-07 15:55:11.910822 +0000 build-archlinux:   -> Creating 'files' db entry...
2020-12-07 15:55:11.912578 +0000 build-archlinux: bsdtar: Failed to set default locale
2020-12-07 15:55:11.914782 +0000 build-archlinux: ==> Creating updated database file 'qubes-r4.0-current.db.tar.gz'
2020-12-07 15:55:11.917320 +0000 build-archlinux: bsdtar: Failed to set default locale
2020-12-07 15:55:11.921745 +0000 build-archlinux: bsdtar: Failed to set default locale
2020-12-07 15:55:11.934630 +0000 build-archlinux: /usr/bin/bash: warning: setlocale: LC_ALL: cannot change locale (C.UTF-8)
2020-12-07 15:55:11.944678 +0000 build-archlinux: ==> Extracting qubes-r4.0-current.db.tar.gz to a temporary location...
2020-12-07 15:55:11.945902 +0000 build-archlinux: bsdtar: Failed to set default locale
2020-12-07 15:55:11.949340 +0000 build-archlinux: ==> Extracting qubes-r4.0-current.files.tar.gz to a temporary location...
2020-12-07 15:55:11.950752 +0000 build-archlinux: bsdtar: Failed to set default locale
2020-12-07 15:55:11.954499 +0000 build-archlinux: ==> Adding package 'qubes-vm-kernel-support-4.0.31-10-x86_64.pkg.tar.zst'
2020-12-07 15:55:11.956292 +0000 build-archlinux: bsdtar: Failed to set default locale
2020-12-07 15:55:11.971238 +0000 build-archlinux: ==> WARNING: An entry for 'qubes-vm-kernel-support-4.0.31-10' already existed
2020-12-07 15:55:11.975063 +0000 build-archlinux:   -> Adding package signature...
2020-12-07 15:55:11.979326 +0000 build-archlinux:   -> Computing checksums...
2020-12-07 15:55:11.983655 +0000 build-archlinux:   -> Removing existing entry 'qubes-vm-kernel-support-4.0.31-10'...
2020-12-07 15:55:11.988999 +0000 build-archlinux:   -> Creating 'desc' db entry...
2020-12-07 15:55:11.991604 +0000 build-archlinux:   -> Creating 'files' db entry...
2020-12-07 15:55:11.993327 +0000 build-archlinux: bsdtar: Failed to set default locale
2020-12-07 15:55:11.995237 +0000 build-archlinux: ==> Creating updated database file 'qubes-r4.0-current.db.tar.gz'
2020-12-07 15:55:11.997928 +0000 build-archlinux: bsdtar: Failed to set default locale
2020-12-07 15:55:12.002291 +0000 build-archlinux: bsdtar: Failed to set default locale
2020-12-07 15:55:12.015096 +0000 build-archlinux: /usr/bin/bash: warning: setlocale: LC_ALL: cannot change locale (C.UTF-8)
2020-12-07 15:55:12.025055 +0000 build-archlinux: ==> Extracting qubes-r4.0-current.db.tar.gz to a temporary location...
2020-12-07 15:55:12.026272 +0000 build-archlinux: bsdtar: Failed to set default locale
2020-12-07 15:55:12.029704 +0000 build-archlinux: ==> Extracting qubes-r4.0-current.files.tar.gz to a temporary location...
2020-12-07 15:55:12.031145 +0000 build-archlinux: bsdtar: Failed to set default locale
2020-12-07 15:55:12.035091 +0000 build-archlinux: ==> Adding package 'qubes-vm-utils-4.0.31-10-x86_64.pkg.tar.zst'
2020-12-07 15:55:12.036937 +0000 build-archlinux: bsdtar: Failed to set default locale
2020-12-07 15:55:12.048726 +0000 build-archlinux: ==> WARNING: An entry for 'qubes-vm-utils-4.0.31-10' already existed
2020-12-07 15:55:12.051838 +0000 build-archlinux:   -> Adding package signature...
2020-12-07 15:55:12.055260 +0000 build-archlinux:   -> Computing checksums...
2020-12-07 15:55:12.059498 +0000 build-archlinux:   -> Removing existing entry 'qubes-vm-utils-4.0.31-10'...
2020-12-07 15:55:12.064654 +0000 build-archlinux:   -> Creating 'desc' db entry...
2020-12-07 15:55:12.067142 +0000 build-archlinux:   -> Creating 'files' db entry...
2020-12-07 15:55:12.069055 +0000 build-archlinux: bsdtar: Failed to set default locale
2020-12-07 15:55:12.071450 +0000 build-archlinux: ==> Creating updated database file 'qubes-r4.0-current.db.tar.gz'
2020-12-07 15:55:12.074178 +0000 build-archlinux: bsdtar: Failed to set default locale
2020-12-07 15:55:12.078746 +0000 build-archlinux: bsdtar: Failed to set default locale
2020-12-07 15:55:12.092173 +0000 build-archlinux: ++ rm -rf /home/user/builder-r4.0/qubes-src/linux-repo-archlinux/r4.0/current/vm/archlinux/pkgs/qubes-r4.0-current.db.tar.gz.old /home/user/builder-r4.0/qubes-src/linux-repo-archlinux/r4.0/current/vm/archlinux/pkgs/qubes-r4.0-current.files.tar.gz.old
2020-12-07 15:55:12.093110 +0000 build-archlinux: ++ rm /home/user/builder-r4.0/qubes-src/linux-repo-archlinux/r4.0/current/vm/archlinux/pkgs/qubes-r4.0-current.db
2020-12-07 15:55:12.094085 +0000 build-archlinux: ++ cp /home/user/builder-r4.0/qubes-src/linux-repo-archlinux/r4.0/current/vm/archlinux/pkgs/qubes-r4.0-current.db.tar.gz /home/user/builder-r4.0/qubes-src/linux-repo-archlinux/r4.0/current/vm/archlinux/pkgs/qubes-r4.0-current.db
2020-12-07 15:55:12.095601 +0000 build-archlinux: ++ qubes-gpg-client-wrapper --yes --local-user CEDF003D544CCD1D1382E9138A871A1BBD7093EA --detach-sign -o /home/user/builder-r4.0/qubes-src/linux-repo-archlinux/r4.0/current/vm/archlinux/pkgs/qubes-r4.0-current.db.sig /home/user/builder-r4.0/qubes-src/linux-repo-archlinux/r4.0/current/vm/archlinux/pkgs/qubes-r4.0-current.db
2020-12-07 15:55:12.231270 +0000 build-archlinux: ++ for filename in "$package_directory"/qubes*.pkg.tar.zst
2020-12-07 15:55:12.231320 +0000 build-archlinux: ++ '[' -f /home/user/builder-r4.0/qubes-src/linux-repo-archlinux/r4.0/current/vm/archlinux/pkgs/qubes-db-vm-4.0.15-5-x86_64.pkg.tar.zst.sig ']'
2020-12-07 15:55:12.231356 +0000 build-archlinux: ++ for filename in "$package_directory"/qubes*.pkg.tar.zst
2020-12-07 15:55:12.231378 +0000 build-archlinux: ++ '[' -f /home/user/builder-r4.0/qubes-src/linux-repo-archlinux/r4.0/current/vm/archlinux/pkgs/qubes-vm-kernel-support-4.0.31-10-x86_64.pkg.tar.zst.sig ']'
2020-12-07 15:55:12.231406 +0000 build-archlinux: ++ for filename in "$package_directory"/qubes*.pkg.tar.zst
2020-12-07 15:55:12.231423 +0000 build-archlinux: ++ '[' -f /home/user/builder-r4.0/qubes-src/linux-repo-archlinux/r4.0/current/vm/archlinux/pkgs/qubes-vm-utils-4.0.31-10-x86_64.pkg.tar.zst.sig ']'
2020-12-07 15:55:12.231432 +0000 build-archlinux: + '[' 1 = 1 ']'
2020-12-07 15:55:12.231691 +0000 build-archlinux: ++ dirname ./update_repo-current.sh
2020-12-07 15:55:12.233366 +0000 build-archlinux: + ./sync_qubes-os.org_repo.sh r4.0
2020-12-07 15:55:12.235771 +0000 build-archlinux: ~/builder-r4.0/qubes-src/linux-repo-archlinux ~/builder-r4.0/qubes-src/linux-repo-archlinux
2020-12-07 15:55:12.237211 +0000 build-archlinux: Syncing r4.0/current/vm/archlinux...
2020-12-07 15:55:12.313868 +0000 build-archlinux: sending incremental file list
2020-12-07 15:55:12.411569 +0000 build-archlinux: .d..t...... vm/archlinux/pkgs/
2020-12-07 15:55:12.411619 +0000 build-archlinux: <f.st...... vm/archlinux/pkgs/qubes-r4.0-current.db
2020-12-07 15:55:12.411643 +0000 build-archlinux: .          2,605 100%    0.00kB/s    0:00:00  .          2,605 100%    0.00kB/s    0:00:00 (xfr#1, to-chk=8/15)
2020-12-07 15:55:12.411658 +0000 build-archlinux: <f..t...... vm/archlinux/pkgs/qubes-r4.0-current.db.sig
2020-12-07 15:55:12.411674 +0000 build-archlinux: .            566 100%  552.73kB/s    0:00:00  .            566 100%  552.73kB/s    0:00:00 (xfr#2, to-chk=7/15)
2020-12-07 15:55:12.411686 +0000 build-archlinux: <f.st...... vm/archlinux/pkgs/qubes-r4.0-current.db.tar.gz
2020-12-07 15:55:12.411705 +0000 build-archlinux: .          2,605 100%    2.48MB/s    0:00:00  .          2,605 100%    2.48MB/s    0:00:00 (xfr#3, to-chk=6/15)
2020-12-07 15:55:12.411719 +0000 build-archlinux: .L..t...... vm/archlinux/pkgs/qubes-r4.0-current.files -> qubes-r4.0-current.files.tar.gz
2020-12-07 15:55:12.411730 +0000 build-archlinux: <f.st...... vm/archlinux/pkgs/qubes-r4.0-current.files.tar.gz
2020-12-07 15:55:12.411744 +0000 build-archlinux: .          3,304 100%    3.15MB/s    0:00:00  .          3,304 100%    3.15MB/s    0:00:00 (xfr#4, to-chk=4/15)
2020-12-07 15:55:12.516167 +0000 build-archlinux: Syncing r4.0/current-testing/vm/archlinux...
2020-12-07 15:55:12.637630 +0000 build-archlinux: sending incremental file list
2020-12-07 15:55:12.742806 +0000 build-archlinux: Syncing r4.0/security-testing/vm/archlinux...
2020-12-07 15:55:12.874958 +0000 build-archlinux: sending incremental file list
2020-12-07 15:55:12.976449 +0000 build-archlinux: ~/builder-r4.0/qubes-src/linux-repo-archlinux
2020-12-07 15:55:12.984412 +0000 build-archlinux: + exit_update
2020-12-07 15:55:12.984457 +0000 build-archlinux: + local exit_code=0
2020-12-07 15:55:12.984475 +0000 build-archlinux: + sudo umount /home/user/builder-r4.0/qubes-src/linux-repo-archlinux/../../chroot-vm-archlinux//tmp/qubes-archlinux
2020-12-07 15:55:12.996198 +0000 build-archlinux: + exit 0
2020-12-07 15:55:12.996520 +0000 build-archlinux: Makefile:794: update target 'update-repo-current' due to: internal-update-repo-current.vm.archlinux post-update-repo-current
2020-12-07 15:55:12.996545 +0000 build-archlinux: true
2020-12-07 15:55:12.998208 +0000 build-archlinux: > done
2020-12-07 15:55:12.998246 +0000 > closing log
