2022-04-12 01:48:40.376691 +0000 > starting log
2022-04-12 01:48:40.377106 +0000 build-archlinux: > starting build with log
2022-04-12 01:48:40.377125 +0000 build-archlinux: >> make args: update-repo-current
2022-04-12 01:48:40.377135 +0000 build-archlinux: >> MAKEFLAGS=
2022-04-12 01:48:40.377144 +0000 build-archlinux: >> COMPONENTS=gui-daemon
2022-04-12 01:48:40.377152 +0000 build-archlinux: >> DISTS_VM=archlinux
2022-04-12 01:48:40.377160 +0000 build-archlinux: >> DIST_DOM0=
2022-04-12 01:48:40.377171 +0000 build-archlinux: >> qubes-builder d5be146f87b29d9d153562b1b8bec5a3b2d676c3
2022-04-12 01:48:40.377183 +0000 build-archlinux: >> qubes-builder/qubes-src/gui-daemon 6fecd1edbba620824892935606ff9bc33c4966e6
2022-04-12 01:48:40.377195 +0000 build-archlinux: ================================================================================
2022-04-12 01:48:40.377207 +0000 build-archlinux:                            B U I L D   I N F O                                  
2022-04-12 01:48:40.377219 +0000 build-archlinux: Items in red indicate it was automatically generated by configuration file(s)
2022-04-12 01:48:40.377230 +0000 build-archlinux: Items in white indicate it was automatically removed by configuration file(s)
2022-04-12 01:48:40.377366 +0000 build-archlinux: ================================================================================
2022-04-12 01:48:40.377393 +0000 build-archlinux: DISTS_VM:
2022-04-12 01:48:40.377403 +0000 build-archlinux:      archlinux,
2022-04-12 01:48:40.377411 +0000 build-archlinux: DISTS_ALL:
2022-04-12 01:48:40.377419 +0000 build-archlinux:      vm-archlinux,
2022-04-12 01:48:40.377427 +0000 build-archlinux: DIST_DOM0:
2022-04-12 01:48:40.377434 +0000 build-archlinux:     
2022-04-12 01:48:40.377441 +0000 build-archlinux: BUILDER_PLUGINS:
2022-04-12 01:48:40.377454 +0000 build-archlinux:      builder-archlinux, mgmt-salt, linux-repo-archlinux, release-configs, builder-github,
2022-04-12 01:48:40.377461 +0000 build-archlinux: COMPONENTS:
2022-04-12 01:48:40.377469 +0000 build-archlinux:      gui-daemon,
2022-04-12 01:48:40.377476 +0000 build-archlinux: GIT_REPOS:
2022-04-12 01:48:40.377484 +0000 build-archlinux:      qubes-src/gui-daemon,
2022-04-12 01:48:40.377491 +0000 build-archlinux: TEMPLATE:
2022-04-12 01:48:40.377498 +0000 build-archlinux:     
2022-04-12 01:48:40.377505 +0000 build-archlinux: TEMPLATE_FLAVOR_DIR:
2022-04-12 01:48:40.377512 +0000 build-archlinux:     
2022-04-12 01:48:40.377519 +0000 build-archlinux: TEMPLATE_ALIAS:
2022-04-12 01:48:40.377530 +0000 build-archlinux:      stretch:stretch+standard, stretch+gnome:stretch+gnome+standard,
2022-04-12 01:48:40.377542 +0000 build-archlinux:      stretch+minimal:stretch+minimal+no-recommends, buster:buster+standard,
2022-04-12 01:48:40.377554 +0000 build-archlinux:      buster+gnome:buster+gnome+standard, buster+minimal:buster+minimal+no-recommends,
2022-04-12 01:48:40.377566 +0000 build-archlinux:      bullseye:bullseye+standard+firmware, bullseye+gnome:bullseye+gnome+standard+firmware,
2022-04-12 01:48:40.377578 +0000 build-archlinux:      bullseye+minimal:bullseye+minimal+no-recommends, bookworm:bookworm+standard,
2022-04-12 01:48:40.377597 +0000 build-archlinux:      bookworm+gnome:bookworm+gnome+standard, bookworm+minimal:bookworm+minimal+no-recommends,
2022-04-12 01:48:40.377612 +0000 build-archlinux:      bionic:bionic+standard, focal:focal+standard, whonix-gateway-15:buster+whonix-gateway+minimal+no-recommends,
2022-04-12 01:48:40.377624 +0000 build-archlinux:      whonix-workstation-15:buster+whonix-workstation+minimal+no-recommends,
2022-04-12 01:48:40.377635 +0000 build-archlinux:      whonix-gateway-16:bullseye+whonix-gateway+minimal+no-recommends,
2022-04-12 01:48:40.377647 +0000 build-archlinux:      whonix-workstation-16:bullseye+whonix-workstation+minimal+no-recommends,
2022-04-12 01:48:40.377654 +0000 build-archlinux: TEMPLATE_LABEL:
2022-04-12 01:48:40.377668 +0000 build-archlinux:      fc34:fedora-34 fc35:fedora-35 fc36:fedora-36 fc34+minimal:fedora-34-minimal fc35+minimal:fedora-35-minimal
2022-04-12 01:48:40.377682 +0000 build-archlinux:      fc36+minimal:fedora-36-minimal fc34+xfce:fedora-34-xfce fc35+xfce:fedora-35-xfce fc36+xfce:fedora-36-xfce
2022-04-12 01:48:40.377708 +0000 build-archlinux:      stretch:debian-9 stretch+standard:debian-9 stretch+xfce:debian-9-xfce buster:debian-10
2022-04-12 01:48:40.377724 +0000 build-archlinux:      buster+standard:debian-10 buster+xfce:debian-10-xfce bullseye:debian-11 bullseye+standard+firmware:debian-11
2022-04-12 01:48:40.377738 +0000 build-archlinux:      bullseye+xfce:debian-11-xfce bookworm:debian-12 bookworm+standard:debian-12 bookworm+xfce:debian-12-xfce
2022-04-12 01:48:40.377752 +0000 build-archlinux:      bionic+standard:bionic focal+standard:focal buster+whonix-gateway+minimal+no-recommends:whonix-gw-15
2022-04-12 01:48:40.377763 +0000 build-archlinux:      buster+whonix-workstation+minimal+no-recommends:whonix-ws-15
2022-04-12 01:48:40.377774 +0000 build-archlinux:      bullseye+whonix-gateway+minimal+no-recommends:whonix-gw-16
2022-04-12 01:48:40.377786 +0000 build-archlinux:      bullseye+whonix-workstation+minimal+no-recommends:whonix-ws-16 centos7:centos-7
2022-04-12 01:48:40.377798 +0000 build-archlinux:      centos7+minimal:centos-7-minimal centos7+xfce:centos-7-xfce centos-stream8:centos-stream-8
2022-04-12 01:48:40.377811 +0000 build-archlinux:      centos-stream8+minimal:centos-stream-8-minimal centos-stream8+xfce:centos-stream-8-xfce
2022-04-12 01:48:40.379763 +0000 build-archlinux: > running make
2022-04-12 01:48:40.391036 +0000 build-archlinux: Makefile:863: target 'internal-update-repo-current.vm.archlinux.gui-daemon' does not exist
2022-04-12 01:48:40.391092 +0000 build-archlinux: repo_base_var="LINUX_REPO_${DIST//-/_}_BASEDIR"; \
2022-04-12 01:48:40.391114 +0000 build-archlinux: if [ "gui-daemon" = linux-template-builder ]; then \
2022-04-12 01:48:40.391130 +0000 build-archlinux: .# templates belongs to dom0 repository, even though PACKAGE_SET=vm
2022-04-12 01:48:40.391142 +0000 build-archlinux: repo_base_var="LINUX_REPO__BASEDIR"; \
2022-04-12 01:48:40.391153 +0000 build-archlinux: fi; \
2022-04-12 01:48:40.391164 +0000 build-archlinux: if [ -n "${!repo_base_var}" ]; then \
2022-04-12 01:48:40.391175 +0000 build-archlinux: .repo_basedir="${!repo_base_var}"; \
2022-04-12 01:48:40.391183 +0000 build-archlinux: else \
2022-04-12 01:48:40.391195 +0000 build-archlinux: .repo_basedir="qubes-src/linux-repo-archlinux/r4.1"; \
2022-04-12 01:48:40.391203 +0000 build-archlinux: fi; \
2022-04-12 01:48:40.391214 +0000 build-archlinux: if [ -r qubes-src/gui-daemon/Makefile.builder ]; then \
2022-04-12 01:48:40.391224 +0000 build-archlinux: .echo -n "Updating qubes-src/gui-daemon... "; \
2022-04-12 01:48:40.391233 +0000 build-archlinux: .if [ "0" -eq 1 ]; then \
2022-04-12 01:48:40.391245 +0000 build-archlinux: ..vtag=`git -C qubes-src/gui-daemon tag --points-at HEAD --list v*`; \
2022-04-12 01:48:40.391254 +0000 build-archlinux: ..if [ -z "$vtag" ]; then \
2022-04-12 01:48:40.391263 +0000 build-archlinux: ...echo "no version tag"; \
2022-04-12 01:48:40.391271 +0000 build-archlinux: ...exit 0; \
2022-04-12 01:48:40.391279 +0000 build-archlinux: ..fi; \
2022-04-12 01:48:40.391286 +0000 build-archlinux: .fi; \
2022-04-12 01:48:40.391296 +0000 build-archlinux: .if [ "gui-daemon" = linux-template-builder ]; then
2022-04-12 01:48:40.391309 +0000 build-archlinux: export TEMPLATE_NAME=$(MAKEFLAGS= make -s -C qubes-src/linux-template-builder DIST=archlinux template-name)
2022-04-12 01:48:40.391317 +0000 build-archlinux: fi
2022-04-12 01:48:40.391341 +0000 build-archlinux: component_packages=$(MAKEFLAGS= make -s -f Makefile.generic DIST=archlinux PACKAGE_SET=vm COMPONENT=`basename qubes-src/gui-daemon` UPDATE_REPO=/home/user/builder-r4.1/$repo_basedir/current/vm/archlinux get-var GET_VAR=PACKAGE_LIST); \
2022-04-12 01:48:40.391352 +0000 build-archlinux: .if [ -z "$component_packages" ]; then \
2022-04-12 01:48:40.391361 +0000 build-archlinux: ..echo "no packages."; \
2022-04-12 01:48:40.391368 +0000 build-archlinux: ..exit 0; \
2022-04-12 01:48:40.391375 +0000 build-archlinux: .fi; \
2022-04-12 01:48:40.391410 +0000 build-archlinux: .make -s -f Makefile.generic DIST=archlinux PACKAGE_SET=vm \
2022-04-12 01:48:40.391421 +0000 build-archlinux: ..COMPONENT=`basename qubes-src/gui-daemon` \
2022-04-12 01:48:40.391431 +0000 build-archlinux: ..SNAPSHOT_REPO=current-testing \
2022-04-12 01:48:40.391439 +0000 build-archlinux: ..TARGET_REPO=current \
2022-04-12 01:48:40.391450 +0000 build-archlinux: ..UPDATE_REPO=/home/user/builder-r4.1/$repo_basedir/current/vm/archlinux \
2022-04-12 01:48:40.391465 +0000 build-archlinux: ..SNAPSHOT_FILE=/home/user/builder-r4.1/repo-latest-snapshot/current-testing-vm-archlinux-`basename qubes-src/gui-daemon` \
2022-04-12 01:48:40.391474 +0000 build-archlinux: ..BUILD_LOG_URL= \
2022-04-12 01:48:40.391484 +0000 build-archlinux: ..update-repo-from-snapshot || exit 1; \
2022-04-12 01:48:40.391496 +0000 build-archlinux: elif make -C qubes-src/gui-daemon -n update-repo-current >/dev/null 2>/dev/null; then \
2022-04-12 01:48:40.391506 +0000 build-archlinux: .echo "Updating qubes-src/gui-daemon... "; \
2022-04-12 01:48:40.391519 +0000 build-archlinux: .DIST=archlinux UPDATE_REPO=/home/user/builder-r4.1/$repo_basedir/current/vm/archlinux \
2022-04-12 01:48:40.391530 +0000 build-archlinux: .make -s -C qubes-src/gui-daemon update-repo-current || exit 1; \
2022-04-12 01:48:40.391537 +0000 build-archlinux: else \
2022-04-12 01:48:40.391548 +0000 build-archlinux: .echo -n "Updating qubes-src/gui-daemon... skipping."; \
2022-04-12 01:48:40.391555 +0000 build-archlinux: fi; \
2022-04-12 01:48:40.391562 +0000 build-archlinux: echo
2022-04-12 01:48:40.413879 +0000 build-archlinux: Updating qubes-src/gui-daemon... no packages.
2022-04-12 01:48:40.413973 +0000 build-archlinux: Makefile:832: update target 'internal-update-repo-current.vm.archlinux' due to: internal-update-repo-current.vm.archlinux.gui-daemon
2022-04-12 01:48:40.413995 +0000 build-archlinux: true
2022-04-12 01:48:40.415516 +0000 build-archlinux: Makefile:945: target 'post-update-repo-current' does not exist
2022-04-12 01:48:40.415561 +0000 build-archlinux: true
2022-04-12 01:48:40.417187 +0000 build-archlinux: Makefile:819: update target 'update-repo-current' due to: internal-update-repo-current.vm.archlinux post-update-repo-current
2022-04-12 01:48:40.417229 +0000 build-archlinux: true
2022-04-12 01:48:40.419016 +0000 build-archlinux: > done
2022-04-12 01:48:40.419227 +0000 > closing log
