2021-06-23 13:55:01.547253 +0000 > starting log
2021-06-23 13:55:01.547636 +0000 build-archlinux: > starting build with log
2021-06-23 13:55:01.547654 +0000 build-archlinux: >> make args: update-repo-current
2021-06-23 13:55:01.547669 +0000 build-archlinux: >> MAKEFLAGS=
2021-06-23 13:55:01.547679 +0000 build-archlinux: >> COMPONENTS=repo-templates
2021-06-23 13:55:01.547688 +0000 build-archlinux: >> DISTS_VM=archlinux
2021-06-23 13:55:01.547695 +0000 build-archlinux: >> DIST_DOM0=
2021-06-23 13:55:01.547706 +0000 build-archlinux: >> qubes-builder 1716c6e56661512b9615a165f715909364d06236
2021-06-23 13:55:01.547718 +0000 build-archlinux: >> qubes-builder/qubes-src/repo-templates eac15a6fc88ae3fa3a20a3e3837b1e52c3c28630
2021-06-23 13:55:01.547730 +0000 build-archlinux: ================================================================================
2021-06-23 13:55:01.547742 +0000 build-archlinux:                            B U I L D   I N F O                                  
2021-06-23 13:55:01.547753 +0000 build-archlinux: Items in red indicate it was automatically generated by configuration file(s)
2021-06-23 13:55:01.547765 +0000 build-archlinux: Items in white indicate it was automatically removed by configuration file(s)
2021-06-23 13:55:01.547776 +0000 build-archlinux: ================================================================================
2021-06-23 13:55:01.547783 +0000 build-archlinux: DISTS_VM:
2021-06-23 13:55:01.547791 +0000 build-archlinux:      archlinux,
2021-06-23 13:55:01.547798 +0000 build-archlinux: DISTS_ALL:
2021-06-23 13:55:01.547806 +0000 build-archlinux:      vm-archlinux,
2021-06-23 13:55:01.547813 +0000 build-archlinux: DIST_DOM0:
2021-06-23 13:55:01.547819 +0000 build-archlinux:     
2021-06-23 13:55:01.547827 +0000 build-archlinux: BUILDER_PLUGINS:
2021-06-23 13:55:01.547839 +0000 build-archlinux:      builder-archlinux, mgmt-salt, linux-repo-archlinux, release-configs, builder-github,
2021-06-23 13:55:01.547856 +0000 build-archlinux: COMPONENTS:
2021-06-23 13:55:01.547865 +0000 build-archlinux:      repo-templates,
2021-06-23 13:55:01.547872 +0000 build-archlinux: GIT_REPOS:
2021-06-23 13:55:01.547881 +0000 build-archlinux:      qubes-src/repo-templates,
2021-06-23 13:55:01.547888 +0000 build-archlinux: TEMPLATE:
2021-06-23 13:55:01.547895 +0000 build-archlinux:     
2021-06-23 13:55:01.547902 +0000 build-archlinux: TEMPLATE_FLAVOR_DIR:
2021-06-23 13:55:01.547909 +0000 build-archlinux:     
2021-06-23 13:55:01.547916 +0000 build-archlinux: TEMPLATE_ALIAS:
2021-06-23 13:55:01.547927 +0000 build-archlinux:      stretch:stretch+standard, stretch+gnome:stretch+gnome+standard,
2021-06-23 13:55:01.547938 +0000 build-archlinux:      stretch+minimal:stretch+minimal+no-recommends, buster:buster+standard,
2021-06-23 13:55:01.547949 +0000 build-archlinux:      buster+gnome:buster+gnome+standard, buster+minimal:buster+minimal+no-recommends,
2021-06-23 13:55:01.547960 +0000 build-archlinux:      bullseye:bullseye+standard, bullseye+gnome:bullseye+gnome+standard,
2021-06-23 13:55:01.547971 +0000 build-archlinux:      bullseye+minimal:bullseye+minimal+no-recommends, bionic:bionic+standard,
2021-06-23 13:55:01.547983 +0000 build-archlinux:      focal:focal+standard, whonix-gateway-14:stretch+whonix-gateway+minimal+no-recommends,
2021-06-23 13:55:01.547994 +0000 build-archlinux:      whonix-workstation-14:stretch+whonix-workstation+minimal+no-recommends,
2021-06-23 13:55:01.548005 +0000 build-archlinux:      whonix-gateway-15:buster+whonix-gateway+minimal+no-recommends,
2021-06-23 13:55:01.548016 +0000 build-archlinux:      whonix-workstation-15:buster+whonix-workstation+minimal+no-recommends,
2021-06-23 13:55:01.548023 +0000 build-archlinux: TEMPLATE_LABEL:
2021-06-23 13:55:01.548035 +0000 build-archlinux:      fc32:fedora-32 fc33:fedora-33 fc34:fedora-34 fc35:fedora-35 fc32+minimal:fedora-32-minimal
2021-06-23 13:55:01.548048 +0000 build-archlinux:      fc33+minimal:fedora-33-minimal fc34+minimal:fedora-34-minimal fc35+minimal:fedora-35-minimal
2021-06-23 13:55:01.548060 +0000 build-archlinux:      fc32+xfce:fedora-32-xfce fc33+xfce:fedora-33-xfce fc34+xfce:fedora-34-xfce
2021-06-23 13:55:01.548082 +0000 build-archlinux:      fc35+xfce:fedora-35-xfce stretch:debian-9 stretch+standard:debian-9 stretch+xfce:debian-9-xfce
2021-06-23 13:55:01.548096 +0000 build-archlinux:      buster:debian-10 buster+standard:debian-10 buster+xfce:debian-10-xfce bullseye:debian-11
2021-06-23 13:55:01.548108 +0000 build-archlinux:      bullseye+standard:debian-11 bullseye+xfce:debian-11-xfce bionic+standard:bionic
2021-06-23 13:55:01.548119 +0000 build-archlinux:      focal+standard:focal stretch+whonix-gateway+minimal+no-recommends:whonix-gw-14
2021-06-23 13:55:01.548130 +0000 build-archlinux:      stretch+whonix-workstation+minimal+no-recommends:whonix-ws-14
2021-06-23 13:55:01.548140 +0000 build-archlinux:      buster+whonix-gateway+minimal+no-recommends:whonix-gw-15
2021-06-23 13:55:01.548175 +0000 build-archlinux:      buster+whonix-workstation+minimal+no-recommends:whonix-ws-15 centos7:centos-7
2021-06-23 13:55:01.548190 +0000 build-archlinux:      centos7+minimal:centos-7-minimal centos7+xfce:centos-7-xfce centos-stream8:centos-stream-8
2021-06-23 13:55:01.548203 +0000 build-archlinux:      centos-stream8+minimal:centos-stream-8-minimal centos-stream8+xfce:centos-stream-8-xfce
2021-06-23 13:55:01.548213 +0000 build-archlinux: > running make
2021-06-23 13:55:01.548226 +0000 build-archlinux: Makefile:909: target 'internal-update-repo-current.vm.archlinux.repo-templates' does not exist
2021-06-23 13:55:01.548233 +0000 build-archlinux: true
2021-06-23 13:55:01.548248 +0000 build-archlinux: Makefile:826: update target 'internal-update-repo-current.vm.archlinux' due to: internal-update-repo-current.vm.archlinux.repo-templates
2021-06-23 13:55:01.548255 +0000 build-archlinux: true
2021-06-23 13:55:01.548265 +0000 build-archlinux: Makefile:917: target 'post-update-repo-current' does not exist
2021-06-23 13:55:01.548274 +0000 build-archlinux: for dist in  archlinux; do \
2021-06-23 13:55:01.548284 +0000 build-archlinux: .repo_base_var="LINUX_REPO_${dist//-/_}_BASEDIR"; \
2021-06-23 13:55:01.548293 +0000 build-archlinux: .if [ -n "${!repo_base_var}" ]; then \
2021-06-23 13:55:01.548302 +0000 build-archlinux: ..repo_basedir="${!repo_base_var}"; \
2021-06-23 13:55:01.548310 +0000 build-archlinux: .else \
2021-06-23 13:55:01.548319 +0000 build-archlinux: ..repo_basedir="qubes-src/linux-repo-archlinux/r4.1"; \
2021-06-23 13:55:01.548326 +0000 build-archlinux: .fi; \
2021-06-23 13:55:01.548336 +0000 build-archlinux: .repos_to_update="$repos_to_update $repo_basedir"; \
2021-06-23 13:55:01.548462 +0000 build-archlinux: done; \
2021-06-23 13:55:01.548497 +0000 build-archlinux: pkgset_dist= ; \
2021-06-23 13:55:01.548508 +0000 build-archlinux: for dist in ; do \
2021-06-23 13:55:01.548518 +0000 build-archlinux: .pkgset_dist="$pkgset_dist dom0/$dist"; \
2021-06-23 13:55:01.548526 +0000 build-archlinux: done; \
2021-06-23 13:55:01.548534 +0000 build-archlinux: for dist in archlinux; do \
2021-06-23 13:55:01.548543 +0000 build-archlinux: .pkgset_dist="$pkgset_dist vm/$dist"; \
2021-06-23 13:55:01.548550 +0000 build-archlinux: done; \
2021-06-23 13:55:01.548561 +0000 build-archlinux: for repo in `echo $repos_to_update|tr ' ' '\n'|sort|uniq`; do \
2021-06-23 13:55:01.548569 +0000 build-archlinux: .[ -z "$repo" ] && continue; \
2021-06-23 13:55:01.548580 +0000 build-archlinux: .[ -x "$repo/../update_repo-current.sh" ] || continue; \
2021-06-23 13:55:01.548590 +0000 build-archlinux: .(cd $repo/.. && ./update_repo-current.sh r4.1 $pkgset_dist); \
2021-06-23 13:55:01.548597 +0000 build-archlinux: done
2021-06-23 13:55:01.548605 +0000 build-archlinux: ++ '[' -z r4.1/current ']'
2021-06-23 13:55:01.548614 +0000 build-archlinux: ++++ dirname ./update_repo-current.sh
2021-06-23 13:55:01.548622 +0000 build-archlinux: +++ readlink -f .
2021-06-23 13:55:01.548633 +0000 build-archlinux: ++ localdir=/home/user/builder-r4.1/qubes-src/linux-repo-archlinux
2021-06-23 13:55:01.548640 +0000 build-archlinux: ++ name=vm-archlinux
2021-06-23 13:55:01.548666 +0000 build-archlinux: ++ repo_type=current
2021-06-23 13:55:01.548675 +0000 build-archlinux: ++ repo_version=r4.1
2021-06-23 13:55:01.548688 +0000 build-archlinux: ++ archlinux_directory=/home/user/builder-r4.1/qubes-src/linux-repo-archlinux/r4.1/current/vm/archlinux
2021-06-23 13:55:01.548714 +0000 build-archlinux: ++ package_directory=/home/user/builder-r4.1/qubes-src/linux-repo-archlinux/r4.1/current/vm/archlinux/pkgs
2021-06-23 13:55:01.548724 +0000 build-archlinux: ++ db=qubes-r4.1-current.db
2021-06-23 13:55:01.548736 +0000 build-archlinux: ++ chroot_dir=/home/user/builder-r4.1/qubes-src/linux-repo-archlinux/../../chroot-vm-archlinux/
2021-06-23 13:55:01.548745 +0000 build-archlinux: ++ trap exit_update 0 1 2 3 6 15
2021-06-23 13:55:01.548759 +0000 build-archlinux: ++ sudo mkdir -p /home/user/builder-r4.1/qubes-src/linux-repo-archlinux/../../chroot-vm-archlinux//tmp/qubes-archlinux
2021-06-23 13:55:01.548774 +0000 build-archlinux: ++ '[' -d /home/user/builder-r4.1/qubes-src/linux-repo-archlinux/../../chroot-vm-archlinux//tmp/qubes-archlinux/pkgs ']'
2021-06-23 13:55:01.548793 +0000 build-archlinux: ++ sudo mount --bind /home/user/builder-r4.1/qubes-src/linux-repo-archlinux/r4.1/current/vm/archlinux /home/user/builder-r4.1/qubes-src/linux-repo-archlinux/../../chroot-vm-archlinux//tmp/qubes-archlinux
2021-06-23 13:55:01.548814 +0000 build-archlinux: ++ sudo chroot /home/user/builder-r4.1/qubes-src/linux-repo-archlinux/../../chroot-vm-archlinux/ su user -c 'cd /tmp/qubes-archlinux/pkgs; for pkg in $(ls -v qubes*.pkg.tar.zst) ; do repo-add qubes-r4.1-current.db.tar.gz "$pkg";done;'
2021-06-23 13:55:01.584138 +0000 build-archlinux: bash: warning: setlocale: LC_ALL: cannot change locale (C.UTF-8)
2021-06-23 13:55:01.589378 +0000 build-archlinux: /usr/bin/bash: warning: setlocale: LC_ALL: cannot change locale (C.UTF-8)
2021-06-23 13:55:01.606933 +0000 build-archlinux: ==> Extracting qubes-r4.1-current.db.tar.gz to a temporary location...
2021-06-23 13:55:01.608432 +0000 build-archlinux: bsdtar: Failed to set default locale
2021-06-23 13:55:01.613982 +0000 build-archlinux: ==> Extracting qubes-r4.1-current.files.tar.gz to a temporary location...
2021-06-23 13:55:01.615607 +0000 build-archlinux: bsdtar: Failed to set default locale
2021-06-23 13:55:01.622061 +0000 build-archlinux: ==> Adding package 'qubes-db-vm-4.1.10-5-x86_64.pkg.tar.zst'
2021-06-23 13:55:01.624179 +0000 build-archlinux: bsdtar: Failed to set default locale
2021-06-23 13:55:01.632386 +0000 build-archlinux: ==> WARNING: An entry for 'qubes-db-vm-4.1.10-5' already existed
2021-06-23 13:55:01.638262 +0000 build-archlinux:   -> Adding package signature...
2021-06-23 13:55:01.643269 +0000 build-archlinux:   -> Computing checksums...
2021-06-23 13:55:01.648979 +0000 build-archlinux:   -> Removing existing entry 'qubes-db-vm-4.1.10-5'...
2021-06-23 13:55:01.656167 +0000 build-archlinux:   -> Creating 'desc' db entry...
2021-06-23 13:55:01.659983 +0000 build-archlinux:   -> Creating 'files' db entry...
2021-06-23 13:55:01.661991 +0000 build-archlinux: bsdtar: Failed to set default locale
2021-06-23 13:55:01.664382 +0000 build-archlinux: ==> Creating updated database file 'qubes-r4.1-current.db.tar.gz'
2021-06-23 13:55:01.667957 +0000 build-archlinux: bsdtar: Failed to set default locale
2021-06-23 13:55:01.678539 +0000 build-archlinux: bsdtar: Failed to set default locale
2021-06-23 13:55:01.697962 +0000 build-archlinux: /usr/bin/bash: warning: setlocale: LC_ALL: cannot change locale (C.UTF-8)
2021-06-23 13:55:01.709662 +0000 build-archlinux: ==> Extracting qubes-r4.1-current.db.tar.gz to a temporary location...
2021-06-23 13:55:01.711197 +0000 build-archlinux: bsdtar: Failed to set default locale
2021-06-23 13:55:01.716079 +0000 build-archlinux: ==> Extracting qubes-r4.1-current.files.tar.gz to a temporary location...
2021-06-23 13:55:01.717544 +0000 build-archlinux: bsdtar: Failed to set default locale
2021-06-23 13:55:01.725218 +0000 build-archlinux: ==> Adding package 'qubes-gpg-split-2.0.49-1-x86_64.pkg.tar.zst'
2021-06-23 13:55:01.727126 +0000 build-archlinux: bsdtar: Failed to set default locale
2021-06-23 13:55:01.736723 +0000 build-archlinux: ==> WARNING: An entry for 'qubes-gpg-split-2.0.49-1' already existed
2021-06-23 13:55:01.740676 +0000 build-archlinux:   -> Adding package signature...
2021-06-23 13:55:01.744360 +0000 build-archlinux:   -> Computing checksums...
2021-06-23 13:55:01.748837 +0000 build-archlinux:   -> Removing existing entry 'qubes-gpg-split-2.0.49-1'...
2021-06-23 13:55:01.754611 +0000 build-archlinux:   -> Creating 'desc' db entry...
2021-06-23 13:55:01.757382 +0000 build-archlinux:   -> Creating 'files' db entry...
2021-06-23 13:55:01.759413 +0000 build-archlinux: bsdtar: Failed to set default locale
2021-06-23 13:55:01.761805 +0000 build-archlinux: ==> Creating updated database file 'qubes-r4.1-current.db.tar.gz'
2021-06-23 13:55:01.764363 +0000 build-archlinux: bsdtar: Failed to set default locale
2021-06-23 13:55:01.771093 +0000 build-archlinux: bsdtar: Failed to set default locale
2021-06-23 13:55:01.789301 +0000 build-archlinux: /usr/bin/bash: warning: setlocale: LC_ALL: cannot change locale (C.UTF-8)
2021-06-23 13:55:01.800759 +0000 build-archlinux: ==> Extracting qubes-r4.1-current.db.tar.gz to a temporary location...
2021-06-23 13:55:01.802168 +0000 build-archlinux: bsdtar: Failed to set default locale
2021-06-23 13:55:01.807250 +0000 build-archlinux: ==> Extracting qubes-r4.1-current.files.tar.gz to a temporary location...
2021-06-23 13:55:01.808562 +0000 build-archlinux: bsdtar: Failed to set default locale
2021-06-23 13:55:01.815038 +0000 build-archlinux: ==> Adding package 'qubes-libvchan-xen-4.1.7-2-x86_64.pkg.tar.zst'
2021-06-23 13:55:01.816754 +0000 build-archlinux: bsdtar: Failed to set default locale
2021-06-23 13:55:01.828381 +0000 build-archlinux: ==> WARNING: An entry for 'qubes-libvchan-xen-4.1.7-2' already existed
2021-06-23 13:55:01.832287 +0000 build-archlinux:   -> Adding package signature...
2021-06-23 13:55:01.835828 +0000 build-archlinux:   -> Computing checksums...
2021-06-23 13:55:01.840296 +0000 build-archlinux:   -> Removing existing entry 'qubes-libvchan-xen-4.1.7-2'...
2021-06-23 13:55:01.845835 +0000 build-archlinux:   -> Creating 'desc' db entry...
2021-06-23 13:55:01.849777 +0000 build-archlinux:   -> Creating 'files' db entry...
2021-06-23 13:55:01.850449 +0000 build-archlinux: bsdtar: Failed to set default locale
2021-06-23 13:55:01.852551 +0000 build-archlinux: ==> Creating updated database file 'qubes-r4.1-current.db.tar.gz'
2021-06-23 13:55:01.854557 +0000 build-archlinux: bsdtar: Failed to set default locale
2021-06-23 13:55:01.860934 +0000 build-archlinux: bsdtar: Failed to set default locale
2021-06-23 13:55:01.879116 +0000 build-archlinux: /usr/bin/bash: warning: setlocale: LC_ALL: cannot change locale (C.UTF-8)
2021-06-23 13:55:01.890696 +0000 build-archlinux: ==> Extracting qubes-r4.1-current.db.tar.gz to a temporary location...
2021-06-23 13:55:01.892168 +0000 build-archlinux: bsdtar: Failed to set default locale
2021-06-23 13:55:01.896928 +0000 build-archlinux: ==> Extracting qubes-r4.1-current.files.tar.gz to a temporary location...
2021-06-23 13:55:01.898399 +0000 build-archlinux: bsdtar: Failed to set default locale
2021-06-23 13:55:01.905085 +0000 build-archlinux: ==> Adding package 'qubes-vm-core-4.1.18-15-x86_64.pkg.tar.zst'
2021-06-23 13:55:01.907038 +0000 build-archlinux: bsdtar: Failed to set default locale
2021-06-23 13:55:01.934175 +0000 build-archlinux: ==> WARNING: A newer version for 'qubes-vm-core' is already present in database
2021-06-23 13:55:01.940172 +0000 build-archlinux:   -> Adding package signature...
2021-06-23 13:55:01.943873 +0000 build-archlinux:   -> Computing checksums...
2021-06-23 13:55:01.948731 +0000 build-archlinux:   -> Removing existing entry 'qubes-vm-core-4.1.24-15'...
2021-06-23 13:55:01.954489 +0000 build-archlinux:   -> Creating 'desc' db entry...
2021-06-23 13:55:01.957372 +0000 build-archlinux:   -> Creating 'files' db entry...
2021-06-23 13:55:01.959400 +0000 build-archlinux: bsdtar: Failed to set default locale
2021-06-23 13:55:01.963651 +0000 build-archlinux: ==> Creating updated database file 'qubes-r4.1-current.db.tar.gz'
2021-06-23 13:55:01.965744 +0000 build-archlinux: bsdtar: Failed to set default locale
2021-06-23 13:55:01.972532 +0000 build-archlinux: bsdtar: Failed to set default locale
2021-06-23 13:55:01.990903 +0000 build-archlinux: /usr/bin/bash: warning: setlocale: LC_ALL: cannot change locale (C.UTF-8)
2021-06-23 13:55:02.002595 +0000 build-archlinux: ==> Extracting qubes-r4.1-current.db.tar.gz to a temporary location...
2021-06-23 13:55:02.003892 +0000 build-archlinux: bsdtar: Failed to set default locale
2021-06-23 13:55:02.008814 +0000 build-archlinux: ==> Extracting qubes-r4.1-current.files.tar.gz to a temporary location...
2021-06-23 13:55:02.010151 +0000 build-archlinux: bsdtar: Failed to set default locale
2021-06-23 13:55:02.017055 +0000 build-archlinux: ==> Adding package 'qubes-vm-core-4.1.24-15-x86_64.pkg.tar.zst'
2021-06-23 13:55:02.018692 +0000 build-archlinux: bsdtar: Failed to set default locale
2021-06-23 13:55:02.047294 +0000 build-archlinux:   -> Adding package signature...
2021-06-23 13:55:02.050804 +0000 build-archlinux:   -> Computing checksums...
2021-06-23 13:55:02.055603 +0000 build-archlinux:   -> Removing existing entry 'qubes-vm-core-4.1.18-15'...
2021-06-23 13:55:02.061192 +0000 build-archlinux:   -> Creating 'desc' db entry...
2021-06-23 13:55:02.065206 +0000 build-archlinux:   -> Creating 'files' db entry...
2021-06-23 13:55:02.065635 +0000 build-archlinux: bsdtar: Failed to set default locale
2021-06-23 13:55:02.070190 +0000 build-archlinux: ==> Creating updated database file 'qubes-r4.1-current.db.tar.gz'
2021-06-23 13:55:02.072152 +0000 build-archlinux: bsdtar: Failed to set default locale
2021-06-23 13:55:02.079038 +0000 build-archlinux: bsdtar: Failed to set default locale
2021-06-23 13:55:02.098090 +0000 build-archlinux: /usr/bin/bash: warning: setlocale: LC_ALL: cannot change locale (C.UTF-8)
2021-06-23 13:55:02.109454 +0000 build-archlinux: ==> Extracting qubes-r4.1-current.db.tar.gz to a temporary location...
2021-06-23 13:55:02.110868 +0000 build-archlinux: bsdtar: Failed to set default locale
2021-06-23 13:55:02.115610 +0000 build-archlinux: ==> Extracting qubes-r4.1-current.files.tar.gz to a temporary location...
2021-06-23 13:55:02.117035 +0000 build-archlinux: bsdtar: Failed to set default locale
2021-06-23 13:55:02.123471 +0000 build-archlinux: ==> Adding package 'qubes-vm-core-4.1.25-15-x86_64.pkg.tar.zst'
2021-06-23 13:55:02.125323 +0000 build-archlinux: bsdtar: Failed to set default locale
2021-06-23 13:55:02.154124 +0000 build-archlinux:   -> Adding package signature...
2021-06-23 13:55:02.158108 +0000 build-archlinux:   -> Computing checksums...
2021-06-23 13:55:02.162718 +0000 build-archlinux:   -> Removing existing entry 'qubes-vm-core-4.1.24-15'...
2021-06-23 13:55:02.168127 +0000 build-archlinux:   -> Creating 'desc' db entry...
2021-06-23 13:55:02.170957 +0000 build-archlinux:   -> Creating 'files' db entry...
2021-06-23 13:55:02.172762 +0000 build-archlinux: bsdtar: Failed to set default locale
2021-06-23 13:55:02.177070 +0000 build-archlinux: ==> Creating updated database file 'qubes-r4.1-current.db.tar.gz'
2021-06-23 13:55:02.179066 +0000 build-archlinux: bsdtar: Failed to set default locale
2021-06-23 13:55:02.185747 +0000 build-archlinux: bsdtar: Failed to set default locale
2021-06-23 13:55:02.203797 +0000 build-archlinux: /usr/bin/bash: warning: setlocale: LC_ALL: cannot change locale (C.UTF-8)
2021-06-23 13:55:02.215137 +0000 build-archlinux: ==> Extracting qubes-r4.1-current.db.tar.gz to a temporary location...
2021-06-23 13:55:02.216396 +0000 build-archlinux: bsdtar: Failed to set default locale
2021-06-23 13:55:02.221154 +0000 build-archlinux: ==> Extracting qubes-r4.1-current.files.tar.gz to a temporary location...
2021-06-23 13:55:02.222482 +0000 build-archlinux: bsdtar: Failed to set default locale
2021-06-23 13:55:02.229378 +0000 build-archlinux: ==> Adding package 'qubes-vm-dependencies-4.1.11-1-x86_64.pkg.tar.zst'
2021-06-23 13:55:02.231004 +0000 build-archlinux: bsdtar: Failed to set default locale
2021-06-23 13:55:02.240620 +0000 build-archlinux: ==> WARNING: An entry for 'qubes-vm-dependencies-4.1.11-1' already existed
2021-06-23 13:55:02.244238 +0000 build-archlinux:   -> Adding package signature...
2021-06-23 13:55:02.247693 +0000 build-archlinux:   -> Computing checksums...
2021-06-23 13:55:02.251935 +0000 build-archlinux:   -> Removing existing entry 'qubes-vm-dependencies-4.1.11-1'...
2021-06-23 13:55:02.257505 +0000 build-archlinux:   -> Creating 'desc' db entry...
2021-06-23 13:55:02.261351 +0000 build-archlinux:   -> Creating 'files' db entry...
2021-06-23 13:55:02.261775 +0000 build-archlinux: bsdtar: Failed to set default locale
2021-06-23 13:55:02.263709 +0000 build-archlinux: ==> Creating updated database file 'qubes-r4.1-current.db.tar.gz'
2021-06-23 13:55:02.265560 +0000 build-archlinux: bsdtar: Failed to set default locale
2021-06-23 13:55:02.272858 +0000 build-archlinux: bsdtar: Failed to set default locale
2021-06-23 13:55:02.291374 +0000 build-archlinux: /usr/bin/bash: warning: setlocale: LC_ALL: cannot change locale (C.UTF-8)
2021-06-23 13:55:02.302684 +0000 build-archlinux: ==> Extracting qubes-r4.1-current.db.tar.gz to a temporary location...
2021-06-23 13:55:02.304133 +0000 build-archlinux: bsdtar: Failed to set default locale
2021-06-23 13:55:02.308757 +0000 build-archlinux: ==> Extracting qubes-r4.1-current.files.tar.gz to a temporary location...
2021-06-23 13:55:02.310233 +0000 build-archlinux: bsdtar: Failed to set default locale
2021-06-23 13:55:02.316779 +0000 build-archlinux: ==> Adding package 'qubes-vm-gui-4.1.16-10-x86_64.pkg.tar.zst'
2021-06-23 13:55:02.318710 +0000 build-archlinux: bsdtar: Failed to set default locale
2021-06-23 13:55:02.335129 +0000 build-archlinux: ==> WARNING: An entry for 'qubes-vm-gui-4.1.16-10' already existed
2021-06-23 13:55:02.338368 +0000 build-archlinux:   -> Adding package signature...
2021-06-23 13:55:02.341983 +0000 build-archlinux:   -> Computing checksums...
2021-06-23 13:55:02.346429 +0000 build-archlinux:   -> Removing existing entry 'qubes-vm-gui-4.1.16-10'...
2021-06-23 13:55:02.351829 +0000 build-archlinux:   -> Creating 'desc' db entry...
2021-06-23 13:55:02.354591 +0000 build-archlinux:   -> Creating 'files' db entry...
2021-06-23 13:55:02.356428 +0000 build-archlinux: bsdtar: Failed to set default locale
2021-06-23 13:55:02.358782 +0000 build-archlinux: ==> Creating updated database file 'qubes-r4.1-current.db.tar.gz'
2021-06-23 13:55:02.360699 +0000 build-archlinux: bsdtar: Failed to set default locale
2021-06-23 13:55:02.367457 +0000 build-archlinux: bsdtar: Failed to set default locale
2021-06-23 13:55:02.386093 +0000 build-archlinux: /usr/bin/bash: warning: setlocale: LC_ALL: cannot change locale (C.UTF-8)
2021-06-23 13:55:02.397408 +0000 build-archlinux: ==> Extracting qubes-r4.1-current.db.tar.gz to a temporary location...
2021-06-23 13:55:02.398680 +0000 build-archlinux: bsdtar: Failed to set default locale
2021-06-23 13:55:02.403587 +0000 build-archlinux: ==> Extracting qubes-r4.1-current.files.tar.gz to a temporary location...
2021-06-23 13:55:02.405049 +0000 build-archlinux: bsdtar: Failed to set default locale
2021-06-23 13:55:02.414778 +0000 build-archlinux: ==> Adding package 'qubes-vm-kernel-support-4.1.12-10-x86_64.pkg.tar.zst'
2021-06-23 13:55:02.416441 +0000 build-archlinux: bsdtar: Failed to set default locale
2021-06-23 13:55:02.427840 +0000 build-archlinux: ==> WARNING: A newer version for 'qubes-vm-kernel-support' is already present in database
2021-06-23 13:55:02.430987 +0000 build-archlinux:   -> Adding package signature...
2021-06-23 13:55:02.434465 +0000 build-archlinux:   -> Computing checksums...
2021-06-23 13:55:02.438736 +0000 build-archlinux:   -> Removing existing entry 'qubes-vm-kernel-support-4.1.13-10'...
2021-06-23 13:55:02.445169 +0000 build-archlinux:   -> Creating 'desc' db entry...
2021-06-23 13:55:02.449111 +0000 build-archlinux:   -> Creating 'files' db entry...
2021-06-23 13:55:02.449569 +0000 build-archlinux: bsdtar: Failed to set default locale
2021-06-23 13:55:02.451671 +0000 build-archlinux: ==> Creating updated database file 'qubes-r4.1-current.db.tar.gz'
2021-06-23 13:55:02.453586 +0000 build-archlinux: bsdtar: Failed to set default locale
2021-06-23 13:55:02.460206 +0000 build-archlinux: bsdtar: Failed to set default locale
2021-06-23 13:55:02.479292 +0000 build-archlinux: /usr/bin/bash: warning: setlocale: LC_ALL: cannot change locale (C.UTF-8)
2021-06-23 13:55:02.490567 +0000 build-archlinux: ==> Extracting qubes-r4.1-current.db.tar.gz to a temporary location...
2021-06-23 13:55:02.491923 +0000 build-archlinux: bsdtar: Failed to set default locale
2021-06-23 13:55:02.496757 +0000 build-archlinux: ==> Extracting qubes-r4.1-current.files.tar.gz to a temporary location...
2021-06-23 13:55:02.498083 +0000 build-archlinux: bsdtar: Failed to set default locale
2021-06-23 13:55:02.507959 +0000 build-archlinux: ==> Adding package 'qubes-vm-kernel-support-4.1.13-10-x86_64.pkg.tar.zst'
2021-06-23 13:55:02.509845 +0000 build-archlinux: bsdtar: Failed to set default locale
2021-06-23 13:55:02.527210 +0000 build-archlinux:   -> Adding package signature...
2021-06-23 13:55:02.530765 +0000 build-archlinux:   -> Computing checksums...
2021-06-23 13:55:02.535007 +0000 build-archlinux:   -> Removing existing entry 'qubes-vm-kernel-support-4.1.12-10'...
2021-06-23 13:55:02.561454 +0000 build-archlinux:   -> Creating 'desc' db entry...
2021-06-23 13:55:02.561512 +0000 build-archlinux:   -> Creating 'files' db entry...
2021-06-23 13:55:02.561552 +0000 build-archlinux: bsdtar: Failed to set default locale
2021-06-23 13:55:02.561568 +0000 build-archlinux: ==> Creating updated database file 'qubes-r4.1-current.db.tar.gz'
2021-06-23 13:55:02.561766 +0000 build-archlinux: bsdtar: Failed to set default locale
2021-06-23 13:55:02.573659 +0000 build-archlinux: bsdtar: Failed to set default locale
2021-06-23 13:55:02.596055 +0000 build-archlinux: /usr/bin/bash: warning: setlocale: LC_ALL: cannot change locale (C.UTF-8)
2021-06-23 13:55:02.608326 +0000 build-archlinux: ==> Extracting qubes-r4.1-current.db.tar.gz to a temporary location...
2021-06-23 13:55:02.610690 +0000 build-archlinux: bsdtar: Failed to set default locale
2021-06-23 13:55:02.615314 +0000 build-archlinux: ==> Extracting qubes-r4.1-current.files.tar.gz to a temporary location...
2021-06-23 13:55:02.616733 +0000 build-archlinux: bsdtar: Failed to set default locale
2021-06-23 13:55:02.627196 +0000 build-archlinux: ==> Adding package 'qubes-vm-keyring-4.1.18-15-x86_64.pkg.tar.zst'
2021-06-23 13:55:02.627942 +0000 build-archlinux: bsdtar: Failed to set default locale
2021-06-23 13:55:02.664875 +0000 build-archlinux: ==> WARNING: A newer version for 'qubes-vm-keyring' is already present in database
2021-06-23 13:55:02.675307 +0000 build-archlinux:   -> Adding package signature...
2021-06-23 13:55:02.680098 +0000 build-archlinux:   -> Computing checksums...
2021-06-23 13:55:02.685587 +0000 build-archlinux:   -> Removing existing entry 'qubes-vm-keyring-4.1.24-15'...
2021-06-23 13:55:02.692085 +0000 build-archlinux:   -> Creating 'desc' db entry...
2021-06-23 13:55:02.694434 +0000 build-archlinux:   -> Creating 'files' db entry...
2021-06-23 13:55:02.695663 +0000 build-archlinux: bsdtar: Failed to set default locale
2021-06-23 13:55:02.704263 +0000 build-archlinux: ==> Creating updated database file 'qubes-r4.1-current.db.tar.gz'
2021-06-23 13:55:02.704307 +0000 build-archlinux: bsdtar: Failed to set default locale
2021-06-23 13:55:02.711979 +0000 build-archlinux: bsdtar: Failed to set default locale
2021-06-23 13:55:02.737221 +0000 build-archlinux: /usr/bin/bash: warning: setlocale: LC_ALL: cannot change locale (C.UTF-8)
2021-06-23 13:55:02.749224 +0000 build-archlinux: ==> Extracting qubes-r4.1-current.db.tar.gz to a temporary location...
2021-06-23 13:55:02.751041 +0000 build-archlinux: bsdtar: Failed to set default locale
2021-06-23 13:55:02.757634 +0000 build-archlinux: ==> Extracting qubes-r4.1-current.files.tar.gz to a temporary location...
2021-06-23 13:55:02.758782 +0000 build-archlinux: bsdtar: Failed to set default locale
2021-06-23 13:55:02.764601 +0000 build-archlinux: ==> Adding package 'qubes-vm-keyring-4.1.24-15-x86_64.pkg.tar.zst'
2021-06-23 13:55:02.766585 +0000 build-archlinux: bsdtar: Failed to set default locale
2021-06-23 13:55:02.783295 +0000 build-archlinux:   -> Adding package signature...
2021-06-23 13:55:02.787449 +0000 build-archlinux:   -> Computing checksums...
2021-06-23 13:55:02.791824 +0000 build-archlinux:   -> Removing existing entry 'qubes-vm-keyring-4.1.18-15'...
2021-06-23 13:55:02.797839 +0000 build-archlinux:   -> Creating 'desc' db entry...
2021-06-23 13:55:02.800744 +0000 build-archlinux:   -> Creating 'files' db entry...
2021-06-23 13:55:02.802580 +0000 build-archlinux: bsdtar: Failed to set default locale
2021-06-23 13:55:02.804403 +0000 build-archlinux: ==> Creating updated database file 'qubes-r4.1-current.db.tar.gz'
2021-06-23 13:55:02.806611 +0000 build-archlinux: bsdtar: Failed to set default locale
2021-06-23 13:55:02.813348 +0000 build-archlinux: bsdtar: Failed to set default locale
2021-06-23 13:55:02.831905 +0000 build-archlinux: /usr/bin/bash: warning: setlocale: LC_ALL: cannot change locale (C.UTF-8)
2021-06-23 13:55:02.843489 +0000 build-archlinux: ==> Extracting qubes-r4.1-current.db.tar.gz to a temporary location...
2021-06-23 13:55:02.844827 +0000 build-archlinux: bsdtar: Failed to set default locale
2021-06-23 13:55:02.849790 +0000 build-archlinux: ==> Extracting qubes-r4.1-current.files.tar.gz to a temporary location...
2021-06-23 13:55:02.851199 +0000 build-archlinux: bsdtar: Failed to set default locale
2021-06-23 13:55:02.857503 +0000 build-archlinux: ==> Adding package 'qubes-vm-keyring-4.1.25-15-x86_64.pkg.tar.zst'
2021-06-23 13:55:02.859246 +0000 build-archlinux: bsdtar: Failed to set default locale
2021-06-23 13:55:02.876944 +0000 build-archlinux:   -> Adding package signature...
2021-06-23 13:55:02.880410 +0000 build-archlinux:   -> Computing checksums...
2021-06-23 13:55:02.884722 +0000 build-archlinux:   -> Removing existing entry 'qubes-vm-keyring-4.1.24-15'...
2021-06-23 13:55:02.890434 +0000 build-archlinux:   -> Creating 'desc' db entry...
2021-06-23 13:55:02.894406 +0000 build-archlinux:   -> Creating 'files' db entry...
2021-06-23 13:55:02.894830 +0000 build-archlinux: bsdtar: Failed to set default locale
2021-06-23 13:55:02.896866 +0000 build-archlinux: ==> Creating updated database file 'qubes-r4.1-current.db.tar.gz'
2021-06-23 13:55:02.898762 +0000 build-archlinux: bsdtar: Failed to set default locale
2021-06-23 13:55:02.905089 +0000 build-archlinux: bsdtar: Failed to set default locale
2021-06-23 13:55:02.924200 +0000 build-archlinux: /usr/bin/bash: warning: setlocale: LC_ALL: cannot change locale (C.UTF-8)
2021-06-23 13:55:02.935907 +0000 build-archlinux: ==> Extracting qubes-r4.1-current.db.tar.gz to a temporary location...
2021-06-23 13:55:02.937576 +0000 build-archlinux: bsdtar: Failed to set default locale
2021-06-23 13:55:02.942804 +0000 build-archlinux: ==> Extracting qubes-r4.1-current.files.tar.gz to a temporary location...
2021-06-23 13:55:02.944602 +0000 build-archlinux: bsdtar: Failed to set default locale
2021-06-23 13:55:02.950645 +0000 build-archlinux: ==> Adding package 'qubes-vm-networking-4.1.18-15-x86_64.pkg.tar.zst'
2021-06-23 13:55:02.952550 +0000 build-archlinux: bsdtar: Failed to set default locale
2021-06-23 13:55:02.972068 +0000 build-archlinux: ==> WARNING: A newer version for 'qubes-vm-networking' is already present in database
2021-06-23 13:55:02.976060 +0000 build-archlinux:   -> Adding package signature...
2021-06-23 13:55:02.979739 +0000 build-archlinux:   -> Computing checksums...
2021-06-23 13:55:02.984261 +0000 build-archlinux:   -> Removing existing entry 'qubes-vm-networking-4.1.24-15'...
2021-06-23 13:55:02.990251 +0000 build-archlinux:   -> Creating 'desc' db entry...
2021-06-23 13:55:02.993099 +0000 build-archlinux:   -> Creating 'files' db entry...
2021-06-23 13:55:02.995098 +0000 build-archlinux: bsdtar: Failed to set default locale
2021-06-23 13:55:02.997129 +0000 build-archlinux: ==> Creating updated database file 'qubes-r4.1-current.db.tar.gz'
2021-06-23 13:55:02.999220 +0000 build-archlinux: bsdtar: Failed to set default locale
2021-06-23 13:55:03.006126 +0000 build-archlinux: bsdtar: Failed to set default locale
2021-06-23 13:55:03.025714 +0000 build-archlinux: /usr/bin/bash: warning: setlocale: LC_ALL: cannot change locale (C.UTF-8)
2021-06-23 13:55:03.038142 +0000 build-archlinux: ==> Extracting qubes-r4.1-current.db.tar.gz to a temporary location...
2021-06-23 13:55:03.039530 +0000 build-archlinux: bsdtar: Failed to set default locale
2021-06-23 13:55:03.044632 +0000 build-archlinux: ==> Extracting qubes-r4.1-current.files.tar.gz to a temporary location...
2021-06-23 13:55:03.046017 +0000 build-archlinux: bsdtar: Failed to set default locale
2021-06-23 13:55:03.052144 +0000 build-archlinux: ==> Adding package 'qubes-vm-networking-4.1.24-15-x86_64.pkg.tar.zst'
2021-06-23 13:55:03.053817 +0000 build-archlinux: bsdtar: Failed to set default locale
2021-06-23 13:55:03.075197 +0000 build-archlinux:   -> Adding package signature...
2021-06-23 13:55:03.078789 +0000 build-archlinux:   -> Computing checksums...
2021-06-23 13:55:03.083214 +0000 build-archlinux:   -> Removing existing entry 'qubes-vm-networking-4.1.18-15'...
2021-06-23 13:55:03.088957 +0000 build-archlinux:   -> Creating 'desc' db entry...
2021-06-23 13:55:03.092860 +0000 build-archlinux:   -> Creating 'files' db entry...
2021-06-23 13:55:03.093357 +0000 build-archlinux: bsdtar: Failed to set default locale
2021-06-23 13:55:03.095815 +0000 build-archlinux: ==> Creating updated database file 'qubes-r4.1-current.db.tar.gz'
2021-06-23 13:55:03.098291 +0000 build-archlinux: bsdtar: Failed to set default locale
2021-06-23 13:55:03.104828 +0000 build-archlinux: bsdtar: Failed to set default locale
2021-06-23 13:55:03.122679 +0000 build-archlinux: /usr/bin/bash: warning: setlocale: LC_ALL: cannot change locale (C.UTF-8)
2021-06-23 13:55:03.134314 +0000 build-archlinux: ==> Extracting qubes-r4.1-current.db.tar.gz to a temporary location...
2021-06-23 13:55:03.136008 +0000 build-archlinux: bsdtar: Failed to set default locale
2021-06-23 13:55:03.140727 +0000 build-archlinux: ==> Extracting qubes-r4.1-current.files.tar.gz to a temporary location...
2021-06-23 13:55:03.142478 +0000 build-archlinux: bsdtar: Failed to set default locale
2021-06-23 13:55:03.148697 +0000 build-archlinux: ==> Adding package 'qubes-vm-networking-4.1.25-15-x86_64.pkg.tar.zst'
2021-06-23 13:55:03.150728 +0000 build-archlinux: bsdtar: Failed to set default locale
2021-06-23 13:55:03.174124 +0000 build-archlinux:   -> Adding package signature...
2021-06-23 13:55:03.177753 +0000 build-archlinux:   -> Computing checksums...
2021-06-23 13:55:03.182379 +0000 build-archlinux:   -> Removing existing entry 'qubes-vm-networking-4.1.24-15'...
2021-06-23 13:55:03.188243 +0000 build-archlinux:   -> Creating 'desc' db entry...
2021-06-23 13:55:03.191075 +0000 build-archlinux:   -> Creating 'files' db entry...
2021-06-23 13:55:03.193035 +0000 build-archlinux: bsdtar: Failed to set default locale
2021-06-23 13:55:03.195142 +0000 build-archlinux: ==> Creating updated database file 'qubes-r4.1-current.db.tar.gz'
2021-06-23 13:55:03.197245 +0000 build-archlinux: bsdtar: Failed to set default locale
2021-06-23 13:55:03.204033 +0000 build-archlinux: bsdtar: Failed to set default locale
2021-06-23 13:55:03.223450 +0000 build-archlinux: /usr/bin/bash: warning: setlocale: LC_ALL: cannot change locale (C.UTF-8)
2021-06-23 13:55:03.235074 +0000 build-archlinux: ==> Extracting qubes-r4.1-current.db.tar.gz to a temporary location...
2021-06-23 13:55:03.236397 +0000 build-archlinux: bsdtar: Failed to set default locale
2021-06-23 13:55:03.241476 +0000 build-archlinux: ==> Extracting qubes-r4.1-current.files.tar.gz to a temporary location...
2021-06-23 13:55:03.242830 +0000 build-archlinux: bsdtar: Failed to set default locale
2021-06-23 13:55:03.249080 +0000 build-archlinux: ==> Adding package 'qubes-vm-passwordless-root-4.1.18-15-x86_64.pkg.tar.zst'
2021-06-23 13:55:03.250745 +0000 build-archlinux: bsdtar: Failed to set default locale
2021-06-23 13:55:03.265309 +0000 build-archlinux: ==> WARNING: A newer version for 'qubes-vm-passwordless-root' is already present in database
2021-06-23 13:55:03.269014 +0000 build-archlinux:   -> Adding package signature...
2021-06-23 13:55:03.272577 +0000 build-archlinux:   -> Computing checksums...
2021-06-23 13:55:03.277041 +0000 build-archlinux:   -> Removing existing entry 'qubes-vm-passwordless-root-4.1.24-15'...
2021-06-23 13:55:03.283095 +0000 build-archlinux:   -> Creating 'desc' db entry...
2021-06-23 13:55:03.287033 +0000 build-archlinux:   -> Creating 'files' db entry...
2021-06-23 13:55:03.287593 +0000 build-archlinux: bsdtar: Failed to set default locale
2021-06-23 13:55:03.289626 +0000 build-archlinux: ==> Creating updated database file 'qubes-r4.1-current.db.tar.gz'
2021-06-23 13:55:03.291532 +0000 build-archlinux: bsdtar: Failed to set default locale
2021-06-23 13:55:03.298307 +0000 build-archlinux: bsdtar: Failed to set default locale
2021-06-23 13:55:03.317738 +0000 build-archlinux: /usr/bin/bash: warning: setlocale: LC_ALL: cannot change locale (C.UTF-8)
2021-06-23 13:55:03.329462 +0000 build-archlinux: ==> Extracting qubes-r4.1-current.db.tar.gz to a temporary location...
2021-06-23 13:55:03.331339 +0000 build-archlinux: bsdtar: Failed to set default locale
2021-06-23 13:55:03.336150 +0000 build-archlinux: ==> Extracting qubes-r4.1-current.files.tar.gz to a temporary location...
2021-06-23 13:55:03.337830 +0000 build-archlinux: bsdtar: Failed to set default locale
2021-06-23 13:55:03.343686 +0000 build-archlinux: ==> Adding package 'qubes-vm-passwordless-root-4.1.24-15-x86_64.pkg.tar.zst'
2021-06-23 13:55:03.345616 +0000 build-archlinux: bsdtar: Failed to set default locale
2021-06-23 13:55:03.361717 +0000 build-archlinux:   -> Adding package signature...
2021-06-23 13:55:03.365298 +0000 build-archlinux:   -> Computing checksums...
2021-06-23 13:55:03.369693 +0000 build-archlinux:   -> Removing existing entry 'qubes-vm-passwordless-root-4.1.18-15'...
2021-06-23 13:55:03.375460 +0000 build-archlinux:   -> Creating 'desc' db entry...
2021-06-23 13:55:03.378263 +0000 build-archlinux:   -> Creating 'files' db entry...
2021-06-23 13:55:03.380108 +0000 build-archlinux: bsdtar: Failed to set default locale
2021-06-23 13:55:03.382053 +0000 build-archlinux: ==> Creating updated database file 'qubes-r4.1-current.db.tar.gz'
2021-06-23 13:55:03.384163 +0000 build-archlinux: bsdtar: Failed to set default locale
2021-06-23 13:55:03.390984 +0000 build-archlinux: bsdtar: Failed to set default locale
2021-06-23 13:55:03.411259 +0000 build-archlinux: /usr/bin/bash: warning: setlocale: LC_ALL: cannot change locale (C.UTF-8)
2021-06-23 13:55:03.423101 +0000 build-archlinux: ==> Extracting qubes-r4.1-current.db.tar.gz to a temporary location...
2021-06-23 13:55:03.424445 +0000 build-archlinux: bsdtar: Failed to set default locale
2021-06-23 13:55:03.429483 +0000 build-archlinux: ==> Extracting qubes-r4.1-current.files.tar.gz to a temporary location...
2021-06-23 13:55:03.430808 +0000 build-archlinux: bsdtar: Failed to set default locale
