2024-06-10 14:26:42.553020 +0000 > starting log
2024-06-10 14:26:42.553615 +0000 build-archlinux: > starting build with log
2024-06-10 14:26:42.553660 +0000 build-archlinux: >> make args: update-repo-current
2024-06-10 14:26:42.553685 +0000 build-archlinux: >> MAKEFLAGS=
2024-06-10 14:26:42.553709 +0000 build-archlinux: >> COMPONENTS=app-linux-split-gpg2
2024-06-10 14:26:42.553727 +0000 build-archlinux: >> DISTS_VM=archlinux
2024-06-10 14:26:42.553741 +0000 build-archlinux: >> DIST_DOM0=
2024-06-10 14:26:42.553756 +0000 build-archlinux: >> qubes-builder 3678e5fc7d685cf1ccbdc720f6e9ee2146a2a92e
2024-06-10 14:26:42.553773 +0000 build-archlinux: >> qubes-builder/qubes-src/app-linux-split-gpg2 f121711039c8ba0c9dd54b4bf1a7b09d9c741912
2024-06-10 14:26:42.553789 +0000 build-archlinux: ================================================================================
2024-06-10 14:26:42.553804 +0000 build-archlinux:                            B U I L D   I N F O                                  
2024-06-10 14:26:42.553820 +0000 build-archlinux: Items in red indicate it was automatically generated by configuration file(s)
2024-06-10 14:26:42.553835 +0000 build-archlinux: Items in white indicate it was automatically removed by configuration file(s)
2024-06-10 14:26:42.553850 +0000 build-archlinux: ================================================================================
2024-06-10 14:26:42.553862 +0000 build-archlinux: DISTS_VM:
2024-06-10 14:26:42.553874 +0000 build-archlinux:      archlinux,
2024-06-10 14:26:42.553886 +0000 build-archlinux: DISTS_ALL:
2024-06-10 14:26:42.553898 +0000 build-archlinux:      vm-archlinux,
2024-06-10 14:26:42.553910 +0000 build-archlinux: DIST_DOM0:
2024-06-10 14:26:42.553921 +0000 build-archlinux:     
2024-06-10 14:26:42.553933 +0000 build-archlinux: BUILDER_PLUGINS:
2024-06-10 14:26:42.553949 +0000 build-archlinux:      builder-archlinux, mgmt-salt, linux-repo-archlinux, release-configs, builder-github,
2024-06-10 14:26:42.553961 +0000 build-archlinux: COMPONENTS:
2024-06-10 14:26:42.553973 +0000 build-archlinux:      app-linux-split-gpg2,
2024-06-10 14:26:42.553984 +0000 build-archlinux: GIT_REPOS:
2024-06-10 14:26:42.553997 +0000 build-archlinux:      qubes-src/app-linux-split-gpg2,
2024-06-10 14:26:42.554008 +0000 build-archlinux: TEMPLATE:
2024-06-10 14:26:42.554020 +0000 build-archlinux:     
2024-06-10 14:26:42.554033 +0000 build-archlinux: TEMPLATE_FLAVOR_DIR:
2024-06-10 14:26:42.554044 +0000 build-archlinux:     
2024-06-10 14:26:42.554056 +0000 build-archlinux: TEMPLATE_ALIAS:
2024-06-10 14:26:42.554070 +0000 build-archlinux:      stretch:stretch+standard, stretch+gnome:stretch+gnome+standard,
2024-06-10 14:26:42.554085 +0000 build-archlinux:      stretch+minimal:stretch+minimal+no-recommends, buster:buster+gnome,
2024-06-10 14:26:42.554099 +0000 build-archlinux:      buster+minimal:buster+minimal+no-recommends, bullseye:bullseye+gnome+firmware,
2024-06-10 14:26:42.554114 +0000 build-archlinux:      bullseye+minimal:bullseye+minimal+no-recommends, bookworm:bookworm+gnome+firmware,
2024-06-10 14:26:42.554128 +0000 build-archlinux:      bookworm+minimal:bookworm+minimal+no-recommends, bionic:bionic+standard,
2024-06-10 14:26:42.554151 +0000 build-archlinux:      focal:focal+standard, whonix-gateway-15:buster+whonix-gateway+minimal+no-recommends,
2024-06-10 14:26:42.554168 +0000 build-archlinux:      whonix-workstation-15:buster+whonix-workstation+minimal+no-recommends,
2024-06-10 14:26:42.554182 +0000 build-archlinux:      whonix-gateway-16:bullseye+whonix-gateway+minimal+no-recommends,
2024-06-10 14:26:42.554197 +0000 build-archlinux:      whonix-workstation-16:bullseye+whonix-workstation+minimal+no-recommends,
2024-06-10 14:26:42.554208 +0000 build-archlinux: TEMPLATE_LABEL:
2024-06-10 14:26:42.554224 +0000 build-archlinux:      fc34:fedora-34 fc35:fedora-35 fc36:fedora-36 fc37:fedora-37 fc38:fedora-38 fc34+minimal:fedora-34-minimal
2024-06-10 14:26:42.554240 +0000 build-archlinux:      fc35+minimal:fedora-35-minimal fc36+minimal:fedora-36-minimal fc37+minimal:fedora-37-minimal
2024-06-10 14:26:42.554256 +0000 build-archlinux:      fc38+minimal:fedora-38-minimal fc34+xfce:fedora-34-xfce fc35+xfce:fedora-35-xfce fc36+xfce:fedora-36-xfce
2024-06-10 14:26:42.554281 +0000 build-archlinux:      fc37+xfce:fedora-37-xfce fc38+xfce:fedora-38-xfce stretch:debian-9 stretch+standard:debian-9
2024-06-10 14:26:42.554397 +0000 build-archlinux:      stretch+xfce:debian-9-xfce buster+gnome:debian-10 buster+xfce:debian-10-xfce bullseye:debian-11
2024-06-10 14:26:42.554415 +0000 build-archlinux:      bullseye+standard+firmware:debian-11 bullseye+xfce:debian-11-xfce bookworm:debian-12
2024-06-10 14:26:42.554430 +0000 build-archlinux:      bookworm+standard:debian-12 bookworm+xfce:debian-12-xfce bionic+standard:bionic
2024-06-10 14:26:42.554445 +0000 build-archlinux:      focal+standard:focal buster+whonix-gateway+minimal+no-recommends:whonix-gw-15
2024-06-10 14:26:42.554459 +0000 build-archlinux:      buster+whonix-workstation+minimal+no-recommends:whonix-ws-15
2024-06-10 14:26:42.554474 +0000 build-archlinux:      bullseye+whonix-gateway+minimal+no-recommends:whonix-gw-16
2024-06-10 14:26:42.554489 +0000 build-archlinux:      bullseye+whonix-workstation+minimal+no-recommends:whonix-ws-16 centos7:centos-7
2024-06-10 14:26:42.554504 +0000 build-archlinux:      centos7+minimal:centos-7-minimal centos7+xfce:centos-7-xfce centos-stream8:centos-stream-8
2024-06-10 14:26:42.554519 +0000 build-archlinux:      centos-stream8+minimal:centos-stream-8-minimal centos-stream8+xfce:centos-stream-8-xfce
2024-06-10 14:26:42.554532 +0000 build-archlinux: > running make
2024-06-10 14:26:42.557922 +0000 build-archlinux: Makefile:863: update target 'internal-update-repo-current.vm.archlinux.app-linux-split-gpg2' due to: target does not exist
2024-06-10 14:26:42.557954 +0000 build-archlinux: repo_base_var="LINUX_REPO_${DIST//-/_}_BASEDIR"; \
2024-06-10 14:26:42.557970 +0000 build-archlinux: if [ "app-linux-split-gpg2" = linux-template-builder ]; then \
2024-06-10 14:26:42.557987 +0000 build-archlinux: .# templates belongs to dom0 repository, even though PACKAGE_SET=vm
2024-06-10 14:26:42.558000 +0000 build-archlinux: repo_base_var="LINUX_REPO__BASEDIR"; \
2024-06-10 14:26:42.558013 +0000 build-archlinux: fi; \
2024-06-10 14:26:42.558026 +0000 build-archlinux: if [ -n "${!repo_base_var}" ]; then \
2024-06-10 14:26:42.558039 +0000 build-archlinux: .repo_basedir="${!repo_base_var}"; \
2024-06-10 14:26:42.558051 +0000 build-archlinux: else \
2024-06-10 14:26:42.558065 +0000 build-archlinux: .repo_basedir="qubes-src/linux-repo-archlinux/r4.1"; \
2024-06-10 14:26:42.558076 +0000 build-archlinux: fi; \
2024-06-10 14:26:42.558091 +0000 build-archlinux: if [ -r qubes-src/app-linux-split-gpg2/Makefile.builder ]; then \
2024-06-10 14:26:42.558105 +0000 build-archlinux: .echo -n "Updating qubes-src/app-linux-split-gpg2... "; \
2024-06-10 14:26:42.558127 +0000 build-archlinux: .if [ "0" -eq 1 ]; then \
2024-06-10 14:26:42.558145 +0000 build-archlinux: ..vtag=`git -C qubes-src/app-linux-split-gpg2 tag --points-at HEAD --list v*`; \
2024-06-10 14:26:42.558158 +0000 build-archlinux: ..if [ -z "$vtag" ]; then \
2024-06-10 14:26:42.558171 +0000 build-archlinux: ...echo "no version tag"; \
2024-06-10 14:26:42.558183 +0000 build-archlinux: ...exit 0; \
2024-06-10 14:26:42.558195 +0000 build-archlinux: ..fi; \
2024-06-10 14:26:42.558207 +0000 build-archlinux: .fi; \
2024-06-10 14:26:42.558221 +0000 build-archlinux: .if [ "app-linux-split-gpg2" = linux-template-builder ]; then
2024-06-10 14:26:42.558238 +0000 build-archlinux: export TEMPLATE_NAME=$(MAKEFLAGS= make -s -C qubes-src/linux-template-builder DIST=archlinux template-name)
2024-06-10 14:26:42.558250 +0000 build-archlinux: fi
2024-06-10 14:26:42.558274 +0000 build-archlinux: component_packages=$(MAKEFLAGS= make -s -f Makefile.generic DIST=archlinux PACKAGE_SET=vm COMPONENT=`basename qubes-src/app-linux-split-gpg2` UPDATE_REPO=/home/user/builder-r4.1/$repo_basedir/current/vm/archlinux get-var GET_VAR=PACKAGE_LIST); \
2024-06-10 14:26:42.558288 +0000 build-archlinux: .if [ -z "$component_packages" ]; then \
2024-06-10 14:26:42.558348 +0000 build-archlinux: ..echo "no packages."; \
2024-06-10 14:26:42.558363 +0000 build-archlinux: ..exit 0; \
2024-06-10 14:26:42.558375 +0000 build-archlinux: .fi; \
2024-06-10 14:26:42.558390 +0000 build-archlinux: .make -s -f Makefile.generic DIST=archlinux PACKAGE_SET=vm \
2024-06-10 14:26:42.558405 +0000 build-archlinux: ..COMPONENT=`basename qubes-src/app-linux-split-gpg2` \
2024-06-10 14:26:42.558418 +0000 build-archlinux: ..SNAPSHOT_REPO=current-testing \
2024-06-10 14:26:42.558430 +0000 build-archlinux: ..TARGET_REPO=current \
2024-06-10 14:26:42.558445 +0000 build-archlinux: ..UPDATE_REPO=/home/user/builder-r4.1/$repo_basedir/current/vm/archlinux \
2024-06-10 14:26:42.558463 +0000 build-archlinux: ..SNAPSHOT_FILE=/home/user/builder-r4.1/repo-latest-snapshot/current-testing-vm-archlinux-`basename qubes-src/app-linux-split-gpg2` \
2024-06-10 14:26:42.558476 +0000 build-archlinux: ..BUILD_LOG_URL= \
2024-06-10 14:26:42.558490 +0000 build-archlinux: ..update-repo-from-snapshot || exit 1; \
2024-06-10 14:26:42.558506 +0000 build-archlinux: elif make -C qubes-src/app-linux-split-gpg2 -n update-repo-current >/dev/null 2>/dev/null; then \
2024-06-10 14:26:42.558520 +0000 build-archlinux: .echo "Updating qubes-src/app-linux-split-gpg2... "; \
2024-06-10 14:26:42.558536 +0000 build-archlinux: .DIST=archlinux UPDATE_REPO=/home/user/builder-r4.1/$repo_basedir/current/vm/archlinux \
2024-06-10 14:26:42.558551 +0000 build-archlinux: .make -s -C qubes-src/app-linux-split-gpg2 update-repo-current || exit 1; \
2024-06-10 14:26:42.558563 +0000 build-archlinux: else \
2024-06-10 14:26:42.558577 +0000 build-archlinux: .echo -n "Updating qubes-src/app-linux-split-gpg2... skipping."; \
2024-06-10 14:26:42.558589 +0000 build-archlinux: fi; \
2024-06-10 14:26:42.558601 +0000 build-archlinux: echo
2024-06-10 14:26:42.573427 +0000 build-archlinux: Updating qubes-src/app-linux-split-gpg2... no packages.
2024-06-10 14:26:42.573757 +0000 build-archlinux: Makefile:832: update target 'internal-update-repo-current.vm.archlinux' due to: target does not exist
2024-06-10 14:26:42.573778 +0000 build-archlinux: true
2024-06-10 14:26:42.575184 +0000 build-archlinux: Makefile:945: update target 'post-update-repo-current' due to: target does not exist
2024-06-10 14:26:42.575347 +0000 build-archlinux: true
2024-06-10 14:26:42.576670 +0000 build-archlinux: Makefile:819: update target 'update-repo-current' due to: target does not exist
2024-06-10 14:26:42.576689 +0000 build-archlinux: true
2024-06-10 14:26:42.578659 +0000 build-archlinux: > done
2024-06-10 14:26:42.579030 +0000 > closing log
