2021-03-19 00:22:58.058256 +0000 > starting log
2021-03-19 00:22:58.058717 +0000 build-archlinux: > starting build with log
2021-03-19 00:22:58.058738 +0000 build-archlinux: >> make args: update-repo-security-testing
2021-03-19 00:22:58.058751 +0000 build-archlinux: >> MAKEFLAGS=
2021-03-19 00:22:58.058762 +0000 build-archlinux: >> COMPONENTS=mgmt-salt-dom0-update
2021-03-19 00:22:58.058772 +0000 build-archlinux: >> DISTS_VM=archlinux
2021-03-19 00:22:58.058782 +0000 build-archlinux: >> DIST_DOM0=
2021-03-19 00:22:58.058793 +0000 build-archlinux: >> qubes-builder e28b23d3cd2b69185c543e5c3386ee49802479c8
2021-03-19 00:22:58.058807 +0000 build-archlinux: >> qubes-builder/qubes-src/mgmt-salt-dom0-update 1b78d2bf4d56d584543000673b0787fd8ed8d8a7
2021-03-19 00:22:58.058820 +0000 build-archlinux: ================================================================================
2021-03-19 00:22:58.058832 +0000 build-archlinux:                            B U I L D   I N F O                                  
2021-03-19 00:22:58.058845 +0000 build-archlinux: Items in red indicate it was automatically generated by configuration file(s)
2021-03-19 00:22:58.058858 +0000 build-archlinux: Items in white indicate it was automatically removed by configuration file(s)
2021-03-19 00:22:58.058870 +0000 build-archlinux: ================================================================================
2021-03-19 00:22:58.058879 +0000 build-archlinux: DISTS_VM:
2021-03-19 00:22:58.058888 +0000 build-archlinux:      archlinux,
2021-03-19 00:22:58.058896 +0000 build-archlinux: DISTS_ALL:
2021-03-19 00:22:58.058905 +0000 build-archlinux:      vm-archlinux,
2021-03-19 00:22:58.058913 +0000 build-archlinux: DIST_DOM0:
2021-03-19 00:22:58.058922 +0000 build-archlinux:     
2021-03-19 00:22:58.058930 +0000 build-archlinux: BUILDER_PLUGINS:
2021-03-19 00:22:58.058943 +0000 build-archlinux:      builder-archlinux, mgmt-salt, linux-repo-archlinux, release-configs, builder-github,
2021-03-19 00:22:58.058952 +0000 build-archlinux: COMPONENTS:
2021-03-19 00:22:58.058962 +0000 build-archlinux:      mgmt-salt-dom0-update,
2021-03-19 00:22:58.058970 +0000 build-archlinux: GIT_REPOS:
2021-03-19 00:22:58.058980 +0000 build-archlinux:      qubes-src/mgmt-salt-dom0-update,
2021-03-19 00:22:58.058988 +0000 build-archlinux: TEMPLATE:
2021-03-19 00:22:58.058996 +0000 build-archlinux:     
2021-03-19 00:22:58.059005 +0000 build-archlinux: TEMPLATE_FLAVOR_DIR:
2021-03-19 00:22:58.059013 +0000 build-archlinux:     
2021-03-19 00:22:58.060262 +0000 build-archlinux: TEMPLATE_ALIAS:
2021-03-19 00:22:58.060283 +0000 build-archlinux:      stretch:stretch+standard, stretch+gnome:stretch+gnome+standard,
2021-03-19 00:22:58.060301 +0000 build-archlinux:      stretch+minimal:stretch+minimal+no-recommends, buster:buster+standard, buster+gnome:buster+gnome+standard,
2021-03-19 00:22:58.060316 +0000 build-archlinux:      buster+minimal:buster+minimal+no-recommends, bullseye:bullseye+standard,
2021-03-19 00:22:58.060332 +0000 build-archlinux:      bullseye+gnome:bullseye+gnome+standard, bullseye+minimal:bullseye+minimal+no-recommends,
2021-03-19 00:22:58.060347 +0000 build-archlinux:      whonix-gateway-14:stretch+whonix-gateway+minimal+no-recommends,
2021-03-19 00:22:58.060360 +0000 build-archlinux:      whonix-workstation-14:stretch+whonix-workstation+minimal+no-recommends,
2021-03-19 00:22:58.060372 +0000 build-archlinux:      whonix-gateway-15:buster+whonix-gateway+minimal+no-recommends,
2021-03-19 00:22:58.060386 +0000 build-archlinux:      whonix-workstation-15:buster+whonix-workstation+minimal+no-recommends,
2021-03-19 00:22:58.060395 +0000 build-archlinux: TEMPLATE_LABEL:
2021-03-19 00:22:58.060409 +0000 build-archlinux:      fc25:fedora-25 fc30:fedora-30 fc31:fedora-31 fc32:fedora-32 fc30+minimal:fedora-30-minimal
2021-03-19 00:22:58.060423 +0000 build-archlinux:      fc31+minimal:fedora-31-minimal fc32+minimal:fedora-32-minimal fc30+xfce:fedora-30-xfce
2021-03-19 00:22:58.060438 +0000 build-archlinux:      fc31+xfce:fedora-31-xfce fc32+xfce:fedora-32-xfce stretch:debian-9 stretch+standard:debian-9
2021-03-19 00:22:58.060470 +0000 build-archlinux:      stretch+xfce:debian-9-xfce buster:debian-10 buster+standard:debian-10
2021-03-19 00:22:58.060485 +0000 build-archlinux:      buster+xfce:debian-10-xfce bullseye:debian-11 bullseye+standard:debian-11
2021-03-19 00:22:58.060499 +0000 build-archlinux:      bullseye+xfce:debian-11-xfce stretch+whonix-gateway+minimal+no-recommends:whonix-gw-14
2021-03-19 00:22:58.060528 +0000 build-archlinux:      stretch+whonix-workstation+minimal+no-recommends:whonix-ws-14
2021-03-19 00:22:58.060542 +0000 build-archlinux:      buster+whonix-gateway+minimal+no-recommends:whonix-gw-15
2021-03-19 00:22:58.060555 +0000 build-archlinux:      buster+whonix-workstation+minimal+no-recommends:whonix-ws-15 centos7:centos-7
2021-03-19 00:22:58.060572 +0000 build-archlinux:      centos7+minimal:centos-7-minimal centos7+xfce:centos-7-xfce centos8:centos-8
2021-03-19 00:22:58.060584 +0000 build-archlinux:      centos8+minimal:centos-8-minimal centos8+xfce:centos-8-xfce
2021-03-19 00:22:58.082489 +0000 build-archlinux: > running make
2021-03-19 00:22:58.102538 +0000 build-archlinux: Makefile:847: target 'internal-update-repo-security-testing.vm.archlinux.mgmt-salt-dom0-update' does not exist
2021-03-19 00:22:58.102625 +0000 build-archlinux: repo_base_var="LINUX_REPO_archlinux_BASEDIR"; \
2021-03-19 00:22:58.102649 +0000 build-archlinux: if [ "mgmt-salt-dom0-update" = linux-template-builder ]; then \
2021-03-19 00:22:58.102667 +0000 build-archlinux: .# templates belongs to dom0 repository, even though PACKAGE_SET=vm
2021-03-19 00:22:58.102680 +0000 build-archlinux: repo_base_var="LINUX_REPO__BASEDIR"; \
2021-03-19 00:22:58.102691 +0000 build-archlinux: fi; \
2021-03-19 00:22:58.102703 +0000 build-archlinux: if [ -n "${!repo_base_var}" ]; then \
2021-03-19 00:22:58.102715 +0000 build-archlinux: .repo_basedir="${!repo_base_var}"; \
2021-03-19 00:22:58.102725 +0000 build-archlinux: else \
2021-03-19 00:22:58.102736 +0000 build-archlinux: .repo_basedir="qubes-src/linux-repo-archlinux/r4.0"; \
2021-03-19 00:22:58.102746 +0000 build-archlinux: fi; \
2021-03-19 00:22:58.102758 +0000 build-archlinux: if [ -r qubes-src/mgmt-salt-dom0-update/Makefile.builder ]; then \
2021-03-19 00:22:58.102770 +0000 build-archlinux: .echo -n "Updating qubes-src/mgmt-salt-dom0-update... "; \
2021-03-19 00:22:58.102781 +0000 build-archlinux: .if [ "0" -eq 1 ]; then \
2021-03-19 00:22:58.102795 +0000 build-archlinux: ..vtag=`git -C qubes-src/mgmt-salt-dom0-update tag --points-at HEAD --list v*`; \
2021-03-19 00:22:58.102805 +0000 build-archlinux: ..if [ -z "$vtag" ]; then \
2021-03-19 00:22:58.102815 +0000 build-archlinux: ...echo "no version tag"; \
2021-03-19 00:22:58.102824 +0000 build-archlinux: ...exit 0; \
2021-03-19 00:22:58.102833 +0000 build-archlinux: ..fi; \
2021-03-19 00:22:58.102842 +0000 build-archlinux: .fi; \
2021-03-19 00:22:58.102854 +0000 build-archlinux: .if [ "mgmt-salt-dom0-update" = linux-template-builder ]; then
2021-03-19 00:22:58.102868 +0000 build-archlinux: export TEMPLATE_NAME=$(MAKEFLAGS= make -s -C qubes-src/linux-template-builder DIST=archlinux template-name)
2021-03-19 00:22:58.102877 +0000 build-archlinux: fi
2021-03-19 00:22:58.102901 +0000 build-archlinux: component_packages=$(MAKEFLAGS= make -s -f Makefile.generic DIST=archlinux PACKAGE_SET=vm COMPONENT=`basename qubes-src/mgmt-salt-dom0-update` UPDATE_REPO=/home/user/builder-r4.0/$repo_basedir/security-testing/vm/archlinux get-var GET_VAR=PACKAGE_LIST); \
2021-03-19 00:22:58.102912 +0000 build-archlinux: .if [ -z "$component_packages" ]; then \
2021-03-19 00:22:58.102922 +0000 build-archlinux: ..echo "no packages."; \
2021-03-19 00:22:58.102931 +0000 build-archlinux: ..exit 0; \
2021-03-19 00:22:58.102940 +0000 build-archlinux: .fi; \
2021-03-19 00:22:58.102951 +0000 build-archlinux: .make -s -f Makefile.generic DIST=archlinux PACKAGE_SET=vm \
2021-03-19 00:22:58.102963 +0000 build-archlinux: ..COMPONENT=`basename qubes-src/mgmt-salt-dom0-update` \
2021-03-19 00:22:58.102993 +0000 build-archlinux: ..SNAPSHOT_REPO=security-testing \
2021-03-19 00:22:58.103005 +0000 build-archlinux: ..TARGET_REPO=security-testing \
2021-03-19 00:22:58.103018 +0000 build-archlinux: ..UPDATE_REPO=/home/user/builder-r4.0/$repo_basedir/security-testing/vm/archlinux \
2021-03-19 00:22:58.103034 +0000 build-archlinux: ..SNAPSHOT_FILE=/home/user/builder-r4.0/repo-latest-snapshot/security-testing-vm-archlinux-`basename qubes-src/mgmt-salt-dom0-update` \
2021-03-19 00:22:58.103044 +0000 build-archlinux: ..BUILD_LOG_URL= \
2021-03-19 00:22:58.103054 +0000 build-archlinux: ..update-repo || exit 1; \
2021-03-19 00:22:58.103068 +0000 build-archlinux: elif make -C qubes-src/mgmt-salt-dom0-update -n update-repo-security-testing >/dev/null 2>/dev/null; then \
2021-03-19 00:22:58.103079 +0000 build-archlinux: .echo "Updating qubes-src/mgmt-salt-dom0-update... "; \
2021-03-19 00:22:58.103093 +0000 build-archlinux: .DIST=archlinux UPDATE_REPO=/home/user/builder-r4.0/$repo_basedir/security-testing/vm/archlinux \
2021-03-19 00:22:58.103106 +0000 build-archlinux: .make -s -C qubes-src/mgmt-salt-dom0-update update-repo-security-testing || exit 1; \
2021-03-19 00:22:58.103115 +0000 build-archlinux: else \
2021-03-19 00:22:58.103127 +0000 build-archlinux: .echo -n "Updating qubes-src/mgmt-salt-dom0-update... skipping."; \
2021-03-19 00:22:58.103135 +0000 build-archlinux: fi; \
2021-03-19 00:22:58.103143 +0000 build-archlinux: echo
2021-03-19 00:22:58.127241 +0000 build-archlinux: Updating qubes-src/mgmt-salt-dom0-update... no packages.
2021-03-19 00:22:58.127308 +0000 build-archlinux: Makefile:820: update target 'internal-update-repo-security-testing.vm.archlinux' due to: internal-update-repo-security-testing.vm.archlinux.mgmt-salt-dom0-update
2021-03-19 00:22:58.127329 +0000 build-archlinux: true
2021-03-19 00:22:58.128396 +0000 build-archlinux: Makefile:929: target 'post-update-repo-security-testing' does not exist
2021-03-19 00:22:58.128442 +0000 build-archlinux: true
2021-03-19 00:22:58.130874 +0000 build-archlinux: Makefile:803: update target 'update-repo-security-testing' due to: internal-update-repo-security-testing.vm.archlinux post-update-repo-security-testing
2021-03-19 00:22:58.130929 +0000 build-archlinux: true
2021-03-19 00:22:58.131251 +0000 build-archlinux: > done
2021-03-19 00:22:58.131285 +0000 > closing log
