2021-03-16 14:58:10.601806 +0000 > starting log
2021-03-16 14:58:10.602177 +0000 build-archlinux: > starting build with log
2021-03-16 14:58:10.602196 +0000 build-archlinux: >> make args: update-repo-current
2021-03-16 14:58:10.602206 +0000 build-archlinux: >> MAKEFLAGS=
2021-03-16 14:58:10.602216 +0000 build-archlinux: >> COMPONENTS=xorg-x11-drv-intel
2021-03-16 14:58:10.602225 +0000 build-archlinux: >> DISTS_VM=archlinux
2021-03-16 14:58:10.602233 +0000 build-archlinux: >> DIST_DOM0=
2021-03-16 14:58:10.602244 +0000 build-archlinux: >> qubes-builder 62be6ed7d4c006c802cf2d567b182570b5d98ef1
2021-03-16 14:58:10.602256 +0000 build-archlinux: >> qubes-builder/qubes-src/xorg-x11-drv-intel 2a7a1ab80ab0e6f27882bdefdd4d1cf180f650cc
2021-03-16 14:58:10.602266 +0000 build-archlinux: !! xf86-video-intel-20210126.tar.bz2
2021-03-16 14:58:10.602283 +0000 build-archlinux: e9b0c20e2fdac34a48509cb5c5baa3523be58aa9554f6486f147fa516ac0b799db6536db59a057be6971ec1a29ffdcc60e97b0837ea449f3ac086157ff7463de  xf86-video-intel-20210126.tar.bz2
2021-03-16 14:58:10.602295 +0000 build-archlinux: ================================================================================
2021-03-16 14:58:10.602307 +0000 build-archlinux:                            B U I L D   I N F O                                  
2021-03-16 14:58:10.602319 +0000 build-archlinux: Items in red indicate it was automatically generated by configuration file(s)
2021-03-16 14:58:10.602358 +0000 build-archlinux: Items in white indicate it was automatically removed by configuration file(s)
2021-03-16 14:58:10.602371 +0000 build-archlinux: ================================================================================
2021-03-16 14:58:10.602379 +0000 build-archlinux: DISTS_VM:
2021-03-16 14:58:10.602387 +0000 build-archlinux:      archlinux,
2021-03-16 14:58:10.602394 +0000 build-archlinux: DISTS_ALL:
2021-03-16 14:58:10.602403 +0000 build-archlinux:      vm-archlinux,
2021-03-16 14:58:10.602410 +0000 build-archlinux: DIST_DOM0:
2021-03-16 14:58:10.602417 +0000 build-archlinux:     
2021-03-16 14:58:10.602425 +0000 build-archlinux: BUILDER_PLUGINS:
2021-03-16 14:58:10.602437 +0000 build-archlinux:      builder-archlinux, mgmt-salt, linux-repo-archlinux, release-configs, builder-github,
2021-03-16 14:58:10.602445 +0000 build-archlinux: COMPONENTS:
2021-03-16 14:58:10.602453 +0000 build-archlinux:      xorg-x11-drv-intel,
2021-03-16 14:58:10.602460 +0000 build-archlinux: GIT_REPOS:
2021-03-16 14:58:10.602469 +0000 build-archlinux:      qubes-src/xorg-x11-drv-intel,
2021-03-16 14:58:10.602476 +0000 build-archlinux: TEMPLATE:
2021-03-16 14:58:10.602943 +0000 build-archlinux:     
2021-03-16 14:58:10.602974 +0000 build-archlinux: TEMPLATE_FLAVOR_DIR:
2021-03-16 14:58:10.604027 +0000 build-archlinux:     
2021-03-16 14:58:10.605163 +0000 build-archlinux: TEMPLATE_ALIAS:
2021-03-16 14:58:10.606244 +0000 build-archlinux:      stretch:stretch+standard, stretch+gnome:stretch+gnome+standard,
2021-03-16 14:58:10.606298 +0000 build-archlinux:      stretch+minimal:stretch+minimal+no-recommends, buster:buster+standard, buster+gnome:buster+gnome+standard,
2021-03-16 14:58:10.606319 +0000 build-archlinux:      buster+minimal:buster+minimal+no-recommends, bullseye:bullseye+standard,
2021-03-16 14:58:10.606357 +0000 build-archlinux:      bullseye+gnome:bullseye+gnome+standard, bullseye+minimal:bullseye+minimal+no-recommends,
2021-03-16 14:58:10.606372 +0000 build-archlinux:      whonix-gateway-14:stretch+whonix-gateway+minimal+no-recommends,
2021-03-16 14:58:10.606389 +0000 build-archlinux:      whonix-workstation-14:stretch+whonix-workstation+minimal+no-recommends,
2021-03-16 14:58:10.606401 +0000 build-archlinux:      whonix-gateway-15:buster+whonix-gateway+minimal+no-recommends,
2021-03-16 14:58:10.606413 +0000 build-archlinux:      whonix-workstation-15:buster+whonix-workstation+minimal+no-recommends,
2021-03-16 14:58:10.607857 +0000 build-archlinux: TEMPLATE_LABEL:
2021-03-16 14:58:10.608307 +0000 build-archlinux:      fc30:fedora-30 fc31:fedora-31 fc32:fedora-32 fc33:fedora-33 fc30+minimal:fedora-30-minimal
2021-03-16 14:58:10.608389 +0000 build-archlinux:      fc31+minimal:fedora-31-minimal fc32+minimal:fedora-32-minimal fc33+minimal:fedora-33-minimal
2021-03-16 14:58:10.608410 +0000 build-archlinux:      fc30+xfce:fedora-30-xfce fc31+xfce:fedora-31-xfce fc32+xfce:fedora-32-xfce fc33+xfce:fedora-33-xfce
2021-03-16 14:58:10.608425 +0000 build-archlinux:      stretch:debian-9 stretch+standard:debian-9 stretch+xfce:debian-9-xfce buster:debian-10
2021-03-16 14:58:10.608440 +0000 build-archlinux:      buster+standard:debian-10 buster+xfce:debian-10-xfce bullseye:debian-11 bullseye+standard:debian-11
2021-03-16 14:58:10.608452 +0000 build-archlinux:      bullseye+xfce:debian-11-xfce stretch+whonix-gateway+minimal+no-recommends:whonix-gw-14
2021-03-16 14:58:10.608464 +0000 build-archlinux:      stretch+whonix-workstation+minimal+no-recommends:whonix-ws-14
2021-03-16 14:58:10.608475 +0000 build-archlinux:      buster+whonix-gateway+minimal+no-recommends:whonix-gw-15
2021-03-16 14:58:10.608487 +0000 build-archlinux:      buster+whonix-workstation+minimal+no-recommends:whonix-ws-15 centos7:centos-7
2021-03-16 14:58:10.608499 +0000 build-archlinux:      centos7+minimal:centos-7-minimal centos7+xfce:centos-7-xfce centos8:centos-8
2021-03-16 14:58:10.608510 +0000 build-archlinux:      centos8+minimal:centos-8-minimal centos8+xfce:centos-8-xfce
2021-03-16 14:58:10.624778 +0000 build-archlinux: > running make
2021-03-16 14:58:10.638077 +0000 build-archlinux: Makefile:847: target 'internal-update-repo-current.vm.archlinux.xorg-x11-drv-intel' does not exist
2021-03-16 14:58:10.638125 +0000 build-archlinux: repo_base_var="LINUX_REPO_archlinux_BASEDIR"; \
2021-03-16 14:58:10.638139 +0000 build-archlinux: if [ "xorg-x11-drv-intel" = linux-template-builder ]; then \
2021-03-16 14:58:10.638152 +0000 build-archlinux: .# templates belongs to dom0 repository, even though PACKAGE_SET=vm
2021-03-16 14:58:10.638162 +0000 build-archlinux: repo_base_var="LINUX_REPO__BASEDIR"; \
2021-03-16 14:58:10.638170 +0000 build-archlinux: fi; \
2021-03-16 14:58:10.638179 +0000 build-archlinux: if [ -n "${!repo_base_var}" ]; then \
2021-03-16 14:58:10.638188 +0000 build-archlinux: .repo_basedir="${!repo_base_var}"; \
2021-03-16 14:58:10.638195 +0000 build-archlinux: else \
2021-03-16 14:58:10.638205 +0000 build-archlinux: .repo_basedir="qubes-src/linux-repo-archlinux/r4.1"; \
2021-03-16 14:58:10.638212 +0000 build-archlinux: fi; \
2021-03-16 14:58:10.638223 +0000 build-archlinux: if [ -r qubes-src/xorg-x11-drv-intel/Makefile.builder ]; then \
2021-03-16 14:58:10.638235 +0000 build-archlinux: .echo -n "Updating qubes-src/xorg-x11-drv-intel... "; \
2021-03-16 14:58:10.638244 +0000 build-archlinux: .if [ "0" -eq 1 ]; then \
2021-03-16 14:58:10.638256 +0000 build-archlinux: ..vtag=`git -C qubes-src/xorg-x11-drv-intel tag --points-at HEAD --list v*`; \
2021-03-16 14:58:10.638264 +0000 build-archlinux: ..if [ -z "$vtag" ]; then \
2021-03-16 14:58:10.638273 +0000 build-archlinux: ...echo "no version tag"; \
2021-03-16 14:58:10.638281 +0000 build-archlinux: ...exit 0; \
2021-03-16 14:58:10.638288 +0000 build-archlinux: ..fi; \
2021-03-16 14:58:10.638295 +0000 build-archlinux: .fi; \
2021-03-16 14:58:10.638306 +0000 build-archlinux: .if [ "xorg-x11-drv-intel" = linux-template-builder ]; then
2021-03-16 14:58:10.638319 +0000 build-archlinux: export TEMPLATE_NAME=$(MAKEFLAGS= make -s -C qubes-src/linux-template-builder DIST=archlinux template-name)
2021-03-16 14:58:10.638352 +0000 build-archlinux: fi
2021-03-16 14:58:10.638379 +0000 build-archlinux: component_packages=$(MAKEFLAGS= make -s -f Makefile.generic DIST=archlinux PACKAGE_SET=vm COMPONENT=`basename qubes-src/xorg-x11-drv-intel` UPDATE_REPO=/home/user/builder-r4.1/$repo_basedir/current/vm/archlinux get-var GET_VAR=PACKAGE_LIST); \
2021-03-16 14:58:10.638390 +0000 build-archlinux: .if [ -z "$component_packages" ]; then \
2021-03-16 14:58:10.638399 +0000 build-archlinux: ..echo "no packages."; \
2021-03-16 14:58:10.638424 +0000 build-archlinux: ..exit 0; \
2021-03-16 14:58:10.638432 +0000 build-archlinux: .fi; \
2021-03-16 14:58:10.638443 +0000 build-archlinux: .make -s -f Makefile.generic DIST=archlinux PACKAGE_SET=vm \
2021-03-16 14:58:10.638453 +0000 build-archlinux: ..COMPONENT=`basename qubes-src/xorg-x11-drv-intel` \
2021-03-16 14:58:10.638462 +0000 build-archlinux: ..SNAPSHOT_REPO=current-testing \
2021-03-16 14:58:10.638470 +0000 build-archlinux: ..TARGET_REPO=current \
2021-03-16 14:58:10.638481 +0000 build-archlinux: ..UPDATE_REPO=/home/user/builder-r4.1/$repo_basedir/current/vm/archlinux \
2021-03-16 14:58:10.638496 +0000 build-archlinux: ..SNAPSHOT_FILE=/home/user/builder-r4.1/repo-latest-snapshot/current-testing-vm-archlinux-`basename qubes-src/xorg-x11-drv-intel` \
2021-03-16 14:58:10.638504 +0000 build-archlinux: ..BUILD_LOG_URL= \
2021-03-16 14:58:10.638513 +0000 build-archlinux: ..update-repo-from-snapshot || exit 1; \
2021-03-16 14:58:10.638526 +0000 build-archlinux: elif make -C qubes-src/xorg-x11-drv-intel -n update-repo-current >/dev/null 2>/dev/null; then \
2021-03-16 14:58:10.638536 +0000 build-archlinux: .echo "Updating qubes-src/xorg-x11-drv-intel... "; \
2021-03-16 14:58:10.638548 +0000 build-archlinux: .DIST=archlinux UPDATE_REPO=/home/user/builder-r4.1/$repo_basedir/current/vm/archlinux \
2021-03-16 14:58:10.638559 +0000 build-archlinux: .make -s -C qubes-src/xorg-x11-drv-intel update-repo-current || exit 1; \
2021-03-16 14:58:10.638567 +0000 build-archlinux: else \
2021-03-16 14:58:10.638577 +0000 build-archlinux: .echo -n "Updating qubes-src/xorg-x11-drv-intel... skipping."; \
2021-03-16 14:58:10.638584 +0000 build-archlinux: fi; \
2021-03-16 14:58:10.638591 +0000 build-archlinux: echo
2021-03-16 14:58:10.651447 +0000 build-archlinux: Updating qubes-src/xorg-x11-drv-intel... no packages.
2021-03-16 14:58:10.651500 +0000 build-archlinux: Makefile:816: update target 'internal-update-repo-current.vm.archlinux' due to: internal-update-repo-current.vm.archlinux.xorg-x11-drv-intel
2021-03-16 14:58:10.651512 +0000 build-archlinux: true
2021-03-16 14:58:10.652523 +0000 build-archlinux: Makefile:929: target 'post-update-repo-current' does not exist
2021-03-16 14:58:10.652563 +0000 build-archlinux: true
2021-03-16 14:58:10.654023 +0000 build-archlinux: Makefile:803: update target 'update-repo-current' due to: internal-update-repo-current.vm.archlinux post-update-repo-current
2021-03-16 14:58:10.654056 +0000 build-archlinux: true
2021-03-16 14:58:10.655570 +0000 build-archlinux: > done
2021-03-16 14:58:10.655611 +0000 > closing log
