2022-05-19 18:26:35.573489 +0000 > starting log
2022-05-19 18:26:35.573918 +0000 build-archlinux: > starting build with log
2022-05-19 18:26:35.573937 +0000 build-archlinux: >> make args: update-repo-current
2022-05-19 18:26:35.573948 +0000 build-archlinux: >> MAKEFLAGS=
2022-05-19 18:26:35.573958 +0000 build-archlinux: >> COMPONENTS=desktop-linux-manager
2022-05-19 18:26:35.573966 +0000 build-archlinux: >> DISTS_VM=archlinux
2022-05-19 18:26:35.573974 +0000 build-archlinux: >> DIST_DOM0=
2022-05-19 18:26:35.573985 +0000 build-archlinux: >> qubes-builder 5a0fdd59d9cd3a5361fdfbb05e9e66d841e603f4
2022-05-19 18:26:35.573997 +0000 build-archlinux: >> qubes-builder/qubes-src/desktop-linux-manager 5da41e1d75ed857dd683bf0d5e00586c99aea124
2022-05-19 18:26:35.626382 +0000 build-archlinux: ================================================================================
2022-05-19 18:26:35.626443 +0000 build-archlinux:                            B U I L D   I N F O                                  
2022-05-19 18:26:35.627625 +0000 build-archlinux: Items in red indicate it was automatically generated by configuration file(s)
2022-05-19 18:26:35.627673 +0000 build-archlinux: Items in white indicate it was automatically removed by configuration file(s)
2022-05-19 18:26:35.627693 +0000 build-archlinux: ================================================================================
2022-05-19 18:26:35.627704 +0000 build-archlinux: DISTS_VM:
2022-05-19 18:26:35.630527 +0000 build-archlinux:      archlinux,
2022-05-19 18:26:35.631724 +0000 build-archlinux: DISTS_ALL:
2022-05-19 18:26:35.634031 +0000 build-archlinux:      vm-archlinux,
2022-05-19 18:26:35.634082 +0000 build-archlinux: DIST_DOM0:
2022-05-19 18:26:35.635834 +0000 build-archlinux:     
2022-05-19 18:26:35.637146 +0000 build-archlinux: BUILDER_PLUGINS:
2022-05-19 18:26:35.645714 +0000 build-archlinux:      builder-archlinux, mgmt-salt, linux-repo-archlinux, release-configs, builder-github,
2022-05-19 18:26:35.646937 +0000 build-archlinux: COMPONENTS:
2022-05-19 18:26:35.648694 +0000 build-archlinux:      desktop-linux-manager,
2022-05-19 18:26:35.648771 +0000 build-archlinux: GIT_REPOS:
2022-05-19 18:26:35.650323 +0000 build-archlinux:      qubes-src/desktop-linux-manager,
2022-05-19 18:26:35.651236 +0000 build-archlinux: TEMPLATE:
2022-05-19 18:26:35.654423 +0000 build-archlinux:     
2022-05-19 18:26:35.655301 +0000 build-archlinux: TEMPLATE_FLAVOR_DIR:
2022-05-19 18:26:35.658450 +0000 build-archlinux:     
2022-05-19 18:26:35.659450 +0000 build-archlinux: TEMPLATE_ALIAS:
2022-05-19 18:26:35.667815 +0000 build-archlinux:      stretch:stretch+standard, stretch+gnome:stretch+gnome+standard,
2022-05-19 18:26:35.667878 +0000 build-archlinux:      stretch+minimal:stretch+minimal+no-recommends, buster:buster+standard,
2022-05-19 18:26:35.667900 +0000 build-archlinux:      buster+gnome:buster+gnome+standard, buster+minimal:buster+minimal+no-recommends,
2022-05-19 18:26:35.667917 +0000 build-archlinux:      bullseye:bullseye+standard+firmware, bullseye+gnome:bullseye+gnome+standard+firmware,
2022-05-19 18:26:35.667932 +0000 build-archlinux:      bullseye+minimal:bullseye+minimal+no-recommends, bookworm:bookworm+standard,
2022-05-19 18:26:35.667947 +0000 build-archlinux:      bookworm+gnome:bookworm+gnome+standard, bookworm+minimal:bookworm+minimal+no-recommends,
2022-05-19 18:26:35.667964 +0000 build-archlinux:      bionic:bionic+standard, focal:focal+standard, whonix-gateway-15:buster+whonix-gateway+minimal+no-recommends,
2022-05-19 18:26:35.667984 +0000 build-archlinux:      whonix-workstation-15:buster+whonix-workstation+minimal+no-recommends,
2022-05-19 18:26:35.667996 +0000 build-archlinux:      whonix-gateway-16:bullseye+whonix-gateway+minimal+no-recommends,
2022-05-19 18:26:35.668008 +0000 build-archlinux:      whonix-workstation-16:bullseye+whonix-workstation+minimal+no-recommends,
2022-05-19 18:26:35.669164 +0000 build-archlinux: TEMPLATE_LABEL:
2022-05-19 18:26:35.670790 +0000 build-archlinux:      fc34:fedora-34 fc35:fedora-35 fc36:fedora-36 fc34+minimal:fedora-34-minimal fc35+minimal:fedora-35-minimal
2022-05-19 18:26:35.670897 +0000 build-archlinux:      fc36+minimal:fedora-36-minimal fc34+xfce:fedora-34-xfce fc35+xfce:fedora-35-xfce fc36+xfce:fedora-36-xfce
2022-05-19 18:26:35.670925 +0000 build-archlinux:      stretch:debian-9 stretch+standard:debian-9 stretch+xfce:debian-9-xfce buster:debian-10
2022-05-19 18:26:35.670945 +0000 build-archlinux:      buster+standard:debian-10 buster+xfce:debian-10-xfce bullseye:debian-11 bullseye+standard+firmware:debian-11
2022-05-19 18:26:35.670963 +0000 build-archlinux:      bullseye+xfce:debian-11-xfce bookworm:debian-12 bookworm+standard:debian-12 bookworm+xfce:debian-12-xfce
2022-05-19 18:26:35.670979 +0000 build-archlinux:      bionic+standard:bionic focal+standard:focal buster+whonix-gateway+minimal+no-recommends:whonix-gw-15
2022-05-19 18:26:35.670992 +0000 build-archlinux:      buster+whonix-workstation+minimal+no-recommends:whonix-ws-15
2022-05-19 18:26:35.671006 +0000 build-archlinux:      bullseye+whonix-gateway+minimal+no-recommends:whonix-gw-16
2022-05-19 18:26:35.671019 +0000 build-archlinux:      bullseye+whonix-workstation+minimal+no-recommends:whonix-ws-16 centos7:centos-7
2022-05-19 18:26:35.671033 +0000 build-archlinux:      centos7+minimal:centos-7-minimal centos7+xfce:centos-7-xfce centos-stream8:centos-stream-8
2022-05-19 18:26:35.671047 +0000 build-archlinux:      centos-stream8+minimal:centos-stream-8-minimal centos-stream8+xfce:centos-stream-8-xfce
2022-05-19 18:26:35.689710 +0000 build-archlinux: > running make
2022-05-19 18:26:35.701480 +0000 build-archlinux: Makefile:863: target 'internal-update-repo-current.vm.archlinux.desktop-linux-manager' does not exist
2022-05-19 18:26:35.701540 +0000 build-archlinux: repo_base_var="LINUX_REPO_${DIST//-/_}_BASEDIR"; \
2022-05-19 18:26:35.701562 +0000 build-archlinux: if [ "desktop-linux-manager" = linux-template-builder ]; then \
2022-05-19 18:26:35.701578 +0000 build-archlinux: .# templates belongs to dom0 repository, even though PACKAGE_SET=vm
2022-05-19 18:26:35.701590 +0000 build-archlinux: repo_base_var="LINUX_REPO__BASEDIR"; \
2022-05-19 18:26:35.701599 +0000 build-archlinux: fi; \
2022-05-19 18:26:35.701610 +0000 build-archlinux: if [ -n "${!repo_base_var}" ]; then \
2022-05-19 18:26:35.701621 +0000 build-archlinux: .repo_basedir="${!repo_base_var}"; \
2022-05-19 18:26:35.701629 +0000 build-archlinux: else \
2022-05-19 18:26:35.701639 +0000 build-archlinux: .repo_basedir="qubes-src/linux-repo-archlinux/r4.1"; \
2022-05-19 18:26:35.701647 +0000 build-archlinux: fi; \
2022-05-19 18:26:35.701659 +0000 build-archlinux: if [ -r qubes-src/desktop-linux-manager/Makefile.builder ]; then \
2022-05-19 18:26:35.701671 +0000 build-archlinux: .echo -n "Updating qubes-src/desktop-linux-manager... "; \
2022-05-19 18:26:35.701680 +0000 build-archlinux: .if [ "0" -eq 1 ]; then \
2022-05-19 18:26:35.701692 +0000 build-archlinux: ..vtag=`git -C qubes-src/desktop-linux-manager tag --points-at HEAD --list v*`; \
2022-05-19 18:26:35.701702 +0000 build-archlinux: ..if [ -z "$vtag" ]; then \
2022-05-19 18:26:35.701710 +0000 build-archlinux: ...echo "no version tag"; \
2022-05-19 18:26:35.701718 +0000 build-archlinux: ...exit 0; \
2022-05-19 18:26:35.701725 +0000 build-archlinux: ..fi; \
2022-05-19 18:26:35.701757 +0000 build-archlinux: .fi; \
2022-05-19 18:26:35.701770 +0000 build-archlinux: .if [ "desktop-linux-manager" = linux-template-builder ]; then
2022-05-19 18:26:35.701783 +0000 build-archlinux: export TEMPLATE_NAME=$(MAKEFLAGS= make -s -C qubes-src/linux-template-builder DIST=archlinux template-name)
2022-05-19 18:26:35.701791 +0000 build-archlinux: fi
2022-05-19 18:26:35.701815 +0000 build-archlinux: component_packages=$(MAKEFLAGS= make -s -f Makefile.generic DIST=archlinux PACKAGE_SET=vm COMPONENT=`basename qubes-src/desktop-linux-manager` UPDATE_REPO=/home/user/builder-r4.1/$repo_basedir/current/vm/archlinux get-var GET_VAR=PACKAGE_LIST); \
2022-05-19 18:26:35.701825 +0000 build-archlinux: .if [ -z "$component_packages" ]; then \
2022-05-19 18:26:35.701856 +0000 build-archlinux: ..echo "no packages."; \
2022-05-19 18:26:35.701865 +0000 build-archlinux: ..exit 0; \
2022-05-19 18:26:35.701872 +0000 build-archlinux: .fi; \
2022-05-19 18:26:35.701883 +0000 build-archlinux: .make -s -f Makefile.generic DIST=archlinux PACKAGE_SET=vm \
2022-05-19 18:26:35.701892 +0000 build-archlinux: ..COMPONENT=`basename qubes-src/desktop-linux-manager` \
2022-05-19 18:26:35.701901 +0000 build-archlinux: ..SNAPSHOT_REPO=current-testing \
2022-05-19 18:26:35.701909 +0000 build-archlinux: ..TARGET_REPO=current \
2022-05-19 18:26:35.701919 +0000 build-archlinux: ..UPDATE_REPO=/home/user/builder-r4.1/$repo_basedir/current/vm/archlinux \
2022-05-19 18:26:35.701935 +0000 build-archlinux: ..SNAPSHOT_FILE=/home/user/builder-r4.1/repo-latest-snapshot/current-testing-vm-archlinux-`basename qubes-src/desktop-linux-manager` \
2022-05-19 18:26:35.701943 +0000 build-archlinux: ..BUILD_LOG_URL= \
2022-05-19 18:26:35.701952 +0000 build-archlinux: ..update-repo-from-snapshot || exit 1; \
2022-05-19 18:26:35.701964 +0000 build-archlinux: elif make -C qubes-src/desktop-linux-manager -n update-repo-current >/dev/null 2>/dev/null; then \
2022-05-19 18:26:35.701974 +0000 build-archlinux: .echo "Updating qubes-src/desktop-linux-manager... "; \
2022-05-19 18:26:35.701986 +0000 build-archlinux: .DIST=archlinux UPDATE_REPO=/home/user/builder-r4.1/$repo_basedir/current/vm/archlinux \
2022-05-19 18:26:35.701997 +0000 build-archlinux: .make -s -C qubes-src/desktop-linux-manager update-repo-current || exit 1; \
2022-05-19 18:26:35.702004 +0000 build-archlinux: else \
2022-05-19 18:26:35.702014 +0000 build-archlinux: .echo -n "Updating qubes-src/desktop-linux-manager... skipping."; \
2022-05-19 18:26:35.702021 +0000 build-archlinux: fi; \
2022-05-19 18:26:35.702027 +0000 build-archlinux: echo
2022-05-19 18:26:35.721055 +0000 build-archlinux: Updating qubes-src/desktop-linux-manager... no packages.
2022-05-19 18:26:35.721120 +0000 build-archlinux: Makefile:832: update target 'internal-update-repo-current.vm.archlinux' due to: internal-update-repo-current.vm.archlinux.desktop-linux-manager
2022-05-19 18:26:35.721141 +0000 build-archlinux: true
2022-05-19 18:26:35.723518 +0000 build-archlinux: Makefile:945: target 'post-update-repo-current' does not exist
2022-05-19 18:26:35.723563 +0000 build-archlinux: true
2022-05-19 18:26:35.726064 +0000 build-archlinux: Makefile:819: update target 'update-repo-current' due to: internal-update-repo-current.vm.archlinux post-update-repo-current
2022-05-19 18:26:35.726109 +0000 build-archlinux: true
2022-05-19 18:26:35.733351 +0000 build-archlinux: > done
2022-05-19 18:26:35.733411 +0000 > closing log
