2022-03-15 02:36:45.517905 +0000 > starting log
2022-03-15 02:36:45.518313 +0000 build-archlinux: > starting build with log
2022-03-15 02:36:45.518333 +0000 build-archlinux: >> make args: update-repo-current
2022-03-15 02:36:45.518344 +0000 build-archlinux: >> MAKEFLAGS=
2022-03-15 02:36:45.518354 +0000 build-archlinux: >> COMPONENTS=gui-daemon
2022-03-15 02:36:45.518363 +0000 build-archlinux: >> DISTS_VM=archlinux
2022-03-15 02:36:45.518370 +0000 build-archlinux: >> DIST_DOM0=
2022-03-15 02:36:45.518381 +0000 build-archlinux: >> qubes-builder 1fb9d931e2644a4e8819f486db9c08140bd8e1c7
2022-03-15 02:36:45.524790 +0000 build-archlinux: >> qubes-builder/qubes-src/gui-daemon 14bbf2145dd09755e6ed22966e116fc17ac698d4
2022-03-15 02:36:45.739684 +0000 build-archlinux: ================================================================================
2022-03-15 02:36:45.739735 +0000 build-archlinux:                            B U I L D   I N F O                                  
2022-03-15 02:36:45.739752 +0000 build-archlinux: Items in red indicate it was automatically generated by configuration file(s)
2022-03-15 02:36:45.739766 +0000 build-archlinux: Items in white indicate it was automatically removed by configuration file(s)
2022-03-15 02:36:45.739779 +0000 build-archlinux: ================================================================================
2022-03-15 02:36:45.739787 +0000 build-archlinux: DISTS_VM:
2022-03-15 02:36:45.755314 +0000 build-archlinux:      archlinux,
2022-03-15 02:36:45.755536 +0000 build-archlinux: DISTS_ALL:
2022-03-15 02:36:45.778817 +0000 build-archlinux:      vm-archlinux,
2022-03-15 02:36:45.778865 +0000 build-archlinux: DIST_DOM0:
2022-03-15 02:36:45.802045 +0000 build-archlinux:     
2022-03-15 02:36:45.803522 +0000 build-archlinux: BUILDER_PLUGINS:
2022-03-15 02:36:45.810680 +0000 build-archlinux:      builder-archlinux, mgmt-salt, linux-repo-archlinux, release-configs, builder-github,
2022-03-15 02:36:45.810736 +0000 build-archlinux: COMPONENTS:
2022-03-15 02:36:45.821402 +0000 build-archlinux:      gui-daemon,
2022-03-15 02:36:45.821481 +0000 build-archlinux: GIT_REPOS:
2022-03-15 02:36:45.836681 +0000 build-archlinux:      qubes-src/gui-daemon,
2022-03-15 02:36:45.839024 +0000 build-archlinux: TEMPLATE:
2022-03-15 02:36:45.850575 +0000 build-archlinux:     
2022-03-15 02:36:45.850632 +0000 build-archlinux: TEMPLATE_FLAVOR_DIR:
2022-03-15 02:36:45.867396 +0000 build-archlinux:     
2022-03-15 02:36:45.867474 +0000 build-archlinux: TEMPLATE_ALIAS:
2022-03-15 02:36:45.873652 +0000 build-archlinux:      stretch:stretch+standard, stretch+gnome:stretch+gnome+standard,
2022-03-15 02:36:45.873714 +0000 build-archlinux:      stretch+minimal:stretch+minimal+no-recommends, buster:buster+standard,
2022-03-15 02:36:45.873738 +0000 build-archlinux:      buster+gnome:buster+gnome+standard, buster+minimal:buster+minimal+no-recommends,
2022-03-15 02:36:45.873758 +0000 build-archlinux:      bullseye:bullseye+standard+firmware, bullseye+gnome:bullseye+gnome+standard+firmware,
2022-03-15 02:36:45.873774 +0000 build-archlinux:      bullseye+minimal:bullseye+minimal+no-recommends, bookworm:bookworm+standard,
2022-03-15 02:36:45.873789 +0000 build-archlinux:      bookworm+gnome:bookworm+gnome+standard, bookworm+minimal:bookworm+minimal+no-recommends,
2022-03-15 02:36:45.873806 +0000 build-archlinux:      bionic:bionic+standard, focal:focal+standard, whonix-gateway-15:buster+whonix-gateway+minimal+no-recommends,
2022-03-15 02:36:45.873822 +0000 build-archlinux:      whonix-workstation-15:buster+whonix-workstation+minimal+no-recommends,
2022-03-15 02:36:45.873835 +0000 build-archlinux:      whonix-gateway-16:bullseye+whonix-gateway+minimal+no-recommends,
2022-03-15 02:36:45.873849 +0000 build-archlinux:      whonix-workstation-16:bullseye+whonix-workstation+minimal+no-recommends,
2022-03-15 02:36:45.875871 +0000 build-archlinux: TEMPLATE_LABEL:
2022-03-15 02:36:45.893725 +0000 build-archlinux:      fc34:fedora-34 fc35:fedora-35 fc36:fedora-36 fc34+minimal:fedora-34-minimal fc35+minimal:fedora-35-minimal
2022-03-15 02:36:45.893787 +0000 build-archlinux:      fc36+minimal:fedora-36-minimal fc34+xfce:fedora-34-xfce fc35+xfce:fedora-35-xfce fc36+xfce:fedora-36-xfce
2022-03-15 02:36:45.893831 +0000 build-archlinux:      stretch:debian-9 stretch+standard:debian-9 stretch+xfce:debian-9-xfce buster:debian-10
2022-03-15 02:36:45.893854 +0000 build-archlinux:      buster+standard:debian-10 buster+xfce:debian-10-xfce bullseye:debian-11 bullseye+standard+firmware:debian-11
2022-03-15 02:36:45.893871 +0000 build-archlinux:      bullseye+xfce:debian-11-xfce bookworm:debian-12 bookworm+standard:debian-12 bookworm+xfce:debian-12-xfce
2022-03-15 02:36:45.893887 +0000 build-archlinux:      bionic+standard:bionic focal+standard:focal buster+whonix-gateway+minimal+no-recommends:whonix-gw-15
2022-03-15 02:36:45.893899 +0000 build-archlinux:      buster+whonix-workstation+minimal+no-recommends:whonix-ws-15
2022-03-15 02:36:45.893912 +0000 build-archlinux:      bullseye+whonix-gateway+minimal+no-recommends:whonix-gw-16
2022-03-15 02:36:45.893925 +0000 build-archlinux:      bullseye+whonix-workstation+minimal+no-recommends:whonix-ws-16 centos7:centos-7
2022-03-15 02:36:45.893939 +0000 build-archlinux:      centos7+minimal:centos-7-minimal centos7+xfce:centos-7-xfce centos-stream8:centos-stream-8
2022-03-15 02:36:45.893952 +0000 build-archlinux:      centos-stream8+minimal:centos-stream-8-minimal centos-stream8+xfce:centos-stream-8-xfce
2022-03-15 02:36:45.975183 +0000 build-archlinux: > running make
2022-03-15 02:36:46.040800 +0000 build-archlinux: Makefile:863: target 'internal-update-repo-current.vm.archlinux.gui-daemon' does not exist
2022-03-15 02:36:46.040851 +0000 build-archlinux: repo_base_var="LINUX_REPO_${DIST//-/_}_BASEDIR"; \
2022-03-15 02:36:46.040869 +0000 build-archlinux: if [ "gui-daemon" = linux-template-builder ]; then \
2022-03-15 02:36:46.040884 +0000 build-archlinux: .# templates belongs to dom0 repository, even though PACKAGE_SET=vm
2022-03-15 02:36:46.040895 +0000 build-archlinux: repo_base_var="LINUX_REPO__BASEDIR"; \
2022-03-15 02:36:46.040904 +0000 build-archlinux: fi; \
2022-03-15 02:36:46.040915 +0000 build-archlinux: if [ -n "${!repo_base_var}" ]; then \
2022-03-15 02:36:46.040925 +0000 build-archlinux: .repo_basedir="${!repo_base_var}"; \
2022-03-15 02:36:46.040933 +0000 build-archlinux: else \
2022-03-15 02:36:46.040944 +0000 build-archlinux: .repo_basedir="qubes-src/linux-repo-archlinux/r4.1"; \
2022-03-15 02:36:46.040951 +0000 build-archlinux: fi; \
2022-03-15 02:36:46.040962 +0000 build-archlinux: if [ -r qubes-src/gui-daemon/Makefile.builder ]; then \
2022-03-15 02:36:46.040973 +0000 build-archlinux: .echo -n "Updating qubes-src/gui-daemon... "; \
2022-03-15 02:36:46.040982 +0000 build-archlinux: .if [ "0" -eq 1 ]; then \
2022-03-15 02:36:46.040995 +0000 build-archlinux: ..vtag=`git -C qubes-src/gui-daemon tag --points-at HEAD --list v*`; \
2022-03-15 02:36:46.041005 +0000 build-archlinux: ..if [ -z "$vtag" ]; then \
2022-03-15 02:36:46.041014 +0000 build-archlinux: ...echo "no version tag"; \
2022-03-15 02:36:46.041023 +0000 build-archlinux: ...exit 0; \
2022-03-15 02:36:46.041031 +0000 build-archlinux: ..fi; \
2022-03-15 02:36:46.041038 +0000 build-archlinux: .fi; \
2022-03-15 02:36:46.041049 +0000 build-archlinux: .if [ "gui-daemon" = linux-template-builder ]; then
2022-03-15 02:36:46.041064 +0000 build-archlinux: export TEMPLATE_NAME=$(MAKEFLAGS= make -s -C qubes-src/linux-template-builder DIST=archlinux template-name)
2022-03-15 02:36:46.041072 +0000 build-archlinux: fi
2022-03-15 02:36:46.041096 +0000 build-archlinux: component_packages=$(MAKEFLAGS= make -s -f Makefile.generic DIST=archlinux PACKAGE_SET=vm COMPONENT=`basename qubes-src/gui-daemon` UPDATE_REPO=/home/user/builder-r4.1/$repo_basedir/current/vm/archlinux get-var GET_VAR=PACKAGE_LIST); \
2022-03-15 02:36:46.041108 +0000 build-archlinux: .if [ -z "$component_packages" ]; then \
2022-03-15 02:36:46.041117 +0000 build-archlinux: ..echo "no packages."; \
2022-03-15 02:36:46.041125 +0000 build-archlinux: ..exit 0; \
2022-03-15 02:36:46.041133 +0000 build-archlinux: .fi; \
2022-03-15 02:36:46.041163 +0000 build-archlinux: .make -s -f Makefile.generic DIST=archlinux PACKAGE_SET=vm \
2022-03-15 02:36:46.041175 +0000 build-archlinux: ..COMPONENT=`basename qubes-src/gui-daemon` \
2022-03-15 02:36:46.041185 +0000 build-archlinux: ..SNAPSHOT_REPO=current-testing \
2022-03-15 02:36:46.041194 +0000 build-archlinux: ..TARGET_REPO=current \
2022-03-15 02:36:46.041207 +0000 build-archlinux: ..UPDATE_REPO=/home/user/builder-r4.1/$repo_basedir/current/vm/archlinux \
2022-03-15 02:36:46.041223 +0000 build-archlinux: ..SNAPSHOT_FILE=/home/user/builder-r4.1/repo-latest-snapshot/current-testing-vm-archlinux-`basename qubes-src/gui-daemon` \
2022-03-15 02:36:46.041232 +0000 build-archlinux: ..BUILD_LOG_URL= \
2022-03-15 02:36:46.041242 +0000 build-archlinux: ..update-repo-from-snapshot || exit 1; \
2022-03-15 02:36:46.041255 +0000 build-archlinux: elif make -C qubes-src/gui-daemon -n update-repo-current >/dev/null 2>/dev/null; then \
2022-03-15 02:36:46.041265 +0000 build-archlinux: .echo "Updating qubes-src/gui-daemon... "; \
2022-03-15 02:36:46.041278 +0000 build-archlinux: .DIST=archlinux UPDATE_REPO=/home/user/builder-r4.1/$repo_basedir/current/vm/archlinux \
2022-03-15 02:36:46.041294 +0000 build-archlinux: .make -s -C qubes-src/gui-daemon update-repo-current || exit 1; \
2022-03-15 02:36:46.041303 +0000 build-archlinux: else \
2022-03-15 02:36:46.041314 +0000 build-archlinux: .echo -n "Updating qubes-src/gui-daemon... skipping."; \
2022-03-15 02:36:46.041321 +0000 build-archlinux: fi; \
2022-03-15 02:36:46.041329 +0000 build-archlinux: echo
2022-03-15 02:36:46.192432 +0000 build-archlinux: Updating qubes-src/gui-daemon... no packages.
2022-03-15 02:36:46.192529 +0000 build-archlinux: Makefile:832: update target 'internal-update-repo-current.vm.archlinux' due to: internal-update-repo-current.vm.archlinux.gui-daemon
2022-03-15 02:36:46.192547 +0000 build-archlinux: true
2022-03-15 02:36:46.209163 +0000 build-archlinux: Makefile:945: target 'post-update-repo-current' does not exist
2022-03-15 02:36:46.209216 +0000 build-archlinux: true
2022-03-15 02:36:46.211590 +0000 build-archlinux: Makefile:819: update target 'update-repo-current' due to: internal-update-repo-current.vm.archlinux post-update-repo-current
2022-03-15 02:36:46.211648 +0000 build-archlinux: true
2022-03-15 02:36:46.218071 +0000 build-archlinux: > done
2022-03-15 02:36:46.218129 +0000 > closing log
