2022-02-05 01:41:49.523434 +0000 > starting log
2022-02-05 01:41:49.523776 +0000 build-archlinux: > starting build with log
2022-02-05 01:41:49.523792 +0000 build-archlinux: >> make args: update-repo-current
2022-02-05 01:41:49.523801 +0000 build-archlinux: >> MAKEFLAGS=
2022-02-05 01:41:49.523811 +0000 build-archlinux: >> COMPONENTS=linux-firmware
2022-02-05 01:41:49.523818 +0000 build-archlinux: >> DISTS_VM=archlinux
2022-02-05 01:41:49.523825 +0000 build-archlinux: >> DIST_DOM0=
2022-02-05 01:41:49.523835 +0000 build-archlinux: >> qubes-builder f87851d7819409b17466cbefe0d83a2ebc4a1882
2022-02-05 01:41:49.523847 +0000 build-archlinux: >> qubes-builder/qubes-src/linux-firmware 3e632726deb80134dec4b588fdbcbc927015b175
2022-02-05 01:41:49.523855 +0000 build-archlinux: !! linux-firmware-20200316.tar.xz
2022-02-05 01:41:49.523864 +0000 build-archlinux: !! linux-firmware-20211027.tar.xz
2022-02-05 01:41:49.523872 +0000 build-archlinux: !! linux-firmware-20211216.tar.xz
2022-02-05 01:41:49.712080 +0000 build-archlinux: 0579660568eee6cc36ccf84782632291a1b301df8131e3a33e38aa346043a8cc2ed4a5a6e5906b427e1fb70a9333018f250d24cbe79399d0aa13646aaf986313  linux-firmware-20200316.tar.xz
2022-02-05 01:41:50.457133 +0000 build-archlinux: 7f1a900e717c2bd45f175123dc8e5b81fc57f62d766703fde56875b17df70c8e239603cadf28e2b4d1683b4d0d033b60ac9ac8eea3fcf6ee8d22a7f66d0f2e45  linux-firmware-20211027.tar.xz
2022-02-05 01:41:51.223984 +0000 build-archlinux: dfcecf4fa5471d590c6444853efb4923957c11e5cd16ba9c7612aa367af699184595e33a023c4821b6feb9d84dd5eb4c5cb1808fd3e524b859ecb84b95ba4fa6  linux-firmware-20211216.tar.xz
2022-02-05 01:41:51.279915 +0000 build-archlinux: ================================================================================
2022-02-05 01:41:51.279984 +0000 build-archlinux:                            B U I L D   I N F O                                  
2022-02-05 01:41:51.280002 +0000 build-archlinux: Items in red indicate it was automatically generated by configuration file(s)
2022-02-05 01:41:51.280015 +0000 build-archlinux: Items in white indicate it was automatically removed by configuration file(s)
2022-02-05 01:41:51.280027 +0000 build-archlinux: ================================================================================
2022-02-05 01:41:51.281106 +0000 build-archlinux: DISTS_VM:
2022-02-05 01:41:51.283146 +0000 build-archlinux:      archlinux,
2022-02-05 01:41:51.284293 +0000 build-archlinux: DISTS_ALL:
2022-02-05 01:41:51.285957 +0000 build-archlinux:      vm-archlinux,
2022-02-05 01:41:51.287067 +0000 build-archlinux: DIST_DOM0:
2022-02-05 01:41:51.294882 +0000 build-archlinux:     
2022-02-05 01:41:51.298693 +0000 build-archlinux: BUILDER_PLUGINS:
2022-02-05 01:41:51.298743 +0000 build-archlinux:      builder-archlinux, mgmt-salt, linux-repo-archlinux, release-configs, builder-github,
2022-02-05 01:41:51.298920 +0000 build-archlinux: COMPONENTS:
2022-02-05 01:41:51.303982 +0000 build-archlinux:      linux-firmware,
2022-02-05 01:41:51.304027 +0000 build-archlinux: GIT_REPOS:
2022-02-05 01:41:51.304061 +0000 build-archlinux:      qubes-src/linux-firmware,
2022-02-05 01:41:51.306519 +0000 build-archlinux: TEMPLATE:
2022-02-05 01:41:51.306563 +0000 build-archlinux:     
2022-02-05 01:41:51.307822 +0000 build-archlinux: TEMPLATE_FLAVOR_DIR:
2022-02-05 01:41:51.308942 +0000 build-archlinux:     
2022-02-05 01:41:51.314074 +0000 build-archlinux: TEMPLATE_ALIAS:
2022-02-05 01:41:51.318576 +0000 build-archlinux:      stretch:stretch+standard, stretch+gnome:stretch+gnome+standard,
2022-02-05 01:41:51.318628 +0000 build-archlinux:      stretch+minimal:stretch+minimal+no-recommends, buster:buster+standard, buster+gnome:buster+gnome+standard,
2022-02-05 01:41:51.318645 +0000 build-archlinux:      buster+minimal:buster+minimal+no-recommends, bullseye:bullseye+standard+firmware,
2022-02-05 01:41:51.318660 +0000 build-archlinux:      bullseye+gnome:bullseye+gnome+standard+firmware, bullseye+minimal:bullseye+minimal+no-recommends,
2022-02-05 01:41:51.318675 +0000 build-archlinux:      bionic:bionic+standard, focal:focal+standard, whonix-gateway-15:buster+whonix-gateway+minimal+no-recommends,
2022-02-05 01:41:51.318705 +0000 build-archlinux:      whonix-workstation-15:buster+whonix-workstation+minimal+no-recommends,
2022-02-05 01:41:51.318718 +0000 build-archlinux:      whonix-gateway-16:bullseye+whonix-gateway+minimal+no-recommends,
2022-02-05 01:41:51.318730 +0000 build-archlinux:      whonix-workstation-16:bullseye+whonix-workstation+minimal+no-recommends,
2022-02-05 01:41:51.318738 +0000 build-archlinux: TEMPLATE_LABEL:
2022-02-05 01:41:51.319943 +0000 build-archlinux:      fc32:fedora-32 fc33:fedora-33 fc34:fedora-34 fc35:fedora-35 fc32+minimal:fedora-32-minimal
2022-02-05 01:41:51.319989 +0000 build-archlinux:      fc33+minimal:fedora-33-minimal fc34+minimal:fedora-34-minimal fc35+minimal:fedora-35-minimal
2022-02-05 01:41:51.320025 +0000 build-archlinux:      fc32+xfce:fedora-32-xfce fc33+xfce:fedora-33-xfce fc34+xfce:fedora-34-xfce
2022-02-05 01:41:51.320040 +0000 build-archlinux:      fc35+xfce:fedora-35-xfce stretch:debian-9 stretch+standard:debian-9 stretch+xfce:debian-9-xfce
2022-02-05 01:41:51.320053 +0000 build-archlinux:      buster:debian-10 buster+standard:debian-10 buster+xfce:debian-10-xfce bullseye:debian-11
2022-02-05 01:41:51.320066 +0000 build-archlinux:      bullseye+standard+firmware:debian-11 bullseye+xfce:debian-11-xfce bionic+standard:bionic
2022-02-05 01:41:51.320077 +0000 build-archlinux:      focal+standard:focal buster+whonix-gateway+minimal+no-recommends:whonix-gw-15
2022-02-05 01:41:51.320088 +0000 build-archlinux:      buster+whonix-workstation+minimal+no-recommends:whonix-ws-15
2022-02-05 01:41:51.320099 +0000 build-archlinux:      bullseye+whonix-gateway+minimal+no-recommends:whonix-gw-16
2022-02-05 01:41:51.320110 +0000 build-archlinux:      bullseye+whonix-workstation+minimal+no-recommends:whonix-ws-16 centos7:centos-7
2022-02-05 01:41:51.320122 +0000 build-archlinux:      centos7+minimal:centos-7-minimal centos7+xfce:centos-7-xfce centos-stream8:centos-stream-8
2022-02-05 01:41:51.320134 +0000 build-archlinux:      centos-stream8+minimal:centos-stream-8-minimal centos-stream8+xfce:centos-stream-8-xfce
2022-02-05 01:41:51.336073 +0000 build-archlinux: > running make
2022-02-05 01:41:51.347448 +0000 build-archlinux: Makefile:863: target 'internal-update-repo-current.vm.archlinux.linux-firmware' does not exist
2022-02-05 01:41:51.347496 +0000 build-archlinux: repo_base_var="LINUX_REPO_${DIST//-/_}_BASEDIR"; \
2022-02-05 01:41:51.347510 +0000 build-archlinux: if [ "linux-firmware" = linux-template-builder ]; then \
2022-02-05 01:41:51.347522 +0000 build-archlinux: .# templates belongs to dom0 repository, even though PACKAGE_SET=vm
2022-02-05 01:41:51.347532 +0000 build-archlinux: repo_base_var="LINUX_REPO__BASEDIR"; \
2022-02-05 01:41:51.347539 +0000 build-archlinux: fi; \
2022-02-05 01:41:51.347548 +0000 build-archlinux: if [ -n "${!repo_base_var}" ]; then \
2022-02-05 01:41:51.347557 +0000 build-archlinux: .repo_basedir="${!repo_base_var}"; \
2022-02-05 01:41:51.347564 +0000 build-archlinux: else \
2022-02-05 01:41:51.347574 +0000 build-archlinux: .repo_basedir="qubes-src/linux-repo-archlinux/r4.1"; \
2022-02-05 01:41:51.347581 +0000 build-archlinux: fi; \
2022-02-05 01:41:51.347591 +0000 build-archlinux: if [ -r qubes-src/linux-firmware/Makefile.builder ]; then \
2022-02-05 01:41:51.347600 +0000 build-archlinux: .echo -n "Updating qubes-src/linux-firmware... "; \
2022-02-05 01:41:51.347608 +0000 build-archlinux: .if [ "0" -eq 1 ]; then \
2022-02-05 01:41:51.347620 +0000 build-archlinux: ..vtag=`git -C qubes-src/linux-firmware tag --points-at HEAD --list v*`; \
2022-02-05 01:41:51.347628 +0000 build-archlinux: ..if [ -z "$vtag" ]; then \
2022-02-05 01:41:51.347636 +0000 build-archlinux: ...echo "no version tag"; \
2022-02-05 01:41:51.347644 +0000 build-archlinux: ...exit 0; \
2022-02-05 01:41:51.347650 +0000 build-archlinux: ..fi; \
2022-02-05 01:41:51.347656 +0000 build-archlinux: .fi; \
2022-02-05 01:41:51.347666 +0000 build-archlinux: .if [ "linux-firmware" = linux-template-builder ]; then
2022-02-05 01:41:51.347698 +0000 build-archlinux: export TEMPLATE_NAME=$(MAKEFLAGS= make -s -C qubes-src/linux-template-builder DIST=archlinux template-name)
2022-02-05 01:41:51.347706 +0000 build-archlinux: fi
2022-02-05 01:41:51.347730 +0000 build-archlinux: component_packages=$(MAKEFLAGS= make -s -f Makefile.generic DIST=archlinux PACKAGE_SET=vm COMPONENT=`basename qubes-src/linux-firmware` UPDATE_REPO=/home/user/builder-r4.1/$repo_basedir/current/vm/archlinux get-var GET_VAR=PACKAGE_LIST); \
2022-02-05 01:41:51.347740 +0000 build-archlinux: .if [ -z "$component_packages" ]; then \
2022-02-05 01:41:51.347748 +0000 build-archlinux: ..echo "no packages."; \
2022-02-05 01:41:51.347756 +0000 build-archlinux: ..exit 0; \
2022-02-05 01:41:51.347762 +0000 build-archlinux: .fi; \
2022-02-05 01:41:51.347772 +0000 build-archlinux: .make -s -f Makefile.generic DIST=archlinux PACKAGE_SET=vm \
2022-02-05 01:41:51.347782 +0000 build-archlinux: ..COMPONENT=`basename qubes-src/linux-firmware` \
2022-02-05 01:41:51.347790 +0000 build-archlinux: ..SNAPSHOT_REPO=current-testing \
2022-02-05 01:41:51.347798 +0000 build-archlinux: ..TARGET_REPO=current \
2022-02-05 01:41:51.347809 +0000 build-archlinux: ..UPDATE_REPO=/home/user/builder-r4.1/$repo_basedir/current/vm/archlinux \
2022-02-05 01:41:51.347828 +0000 build-archlinux: ..SNAPSHOT_FILE=/home/user/builder-r4.1/repo-latest-snapshot/current-testing-vm-archlinux-`basename qubes-src/linux-firmware` \
2022-02-05 01:41:51.347836 +0000 build-archlinux: ..BUILD_LOG_URL= \
2022-02-05 01:41:51.347846 +0000 build-archlinux: ..update-repo-from-snapshot || exit 1; \
2022-02-05 01:41:51.347858 +0000 build-archlinux: elif make -C qubes-src/linux-firmware -n update-repo-current >/dev/null 2>/dev/null; then \
2022-02-05 01:41:51.347868 +0000 build-archlinux: .echo "Updating qubes-src/linux-firmware... "; \
2022-02-05 01:41:51.347879 +0000 build-archlinux: .DIST=archlinux UPDATE_REPO=/home/user/builder-r4.1/$repo_basedir/current/vm/archlinux \
2022-02-05 01:41:51.347890 +0000 build-archlinux: .make -s -C qubes-src/linux-firmware update-repo-current || exit 1; \
2022-02-05 01:41:51.347897 +0000 build-archlinux: else \
2022-02-05 01:41:51.347907 +0000 build-archlinux: .echo -n "Updating qubes-src/linux-firmware... skipping."; \
2022-02-05 01:41:51.347914 +0000 build-archlinux: fi; \
2022-02-05 01:41:51.347920 +0000 build-archlinux: echo
2022-02-05 01:41:51.368238 +0000 build-archlinux: Updating qubes-src/linux-firmware... no packages.
2022-02-05 01:41:51.368289 +0000 build-archlinux: Makefile:832: update target 'internal-update-repo-current.vm.archlinux' due to: internal-update-repo-current.vm.archlinux.linux-firmware
2022-02-05 01:41:51.368301 +0000 build-archlinux: true
2022-02-05 01:41:51.372846 +0000 build-archlinux: Makefile:945: target 'post-update-repo-current' does not exist
2022-02-05 01:41:51.372888 +0000 build-archlinux: true
2022-02-05 01:41:51.373104 +0000 build-archlinux: Makefile:819: update target 'update-repo-current' due to: internal-update-repo-current.vm.archlinux post-update-repo-current
2022-02-05 01:41:51.373124 +0000 build-archlinux: true
2022-02-05 01:41:51.377144 +0000 build-archlinux: > done
2022-02-05 01:41:51.377187 +0000 > closing log
