2023-07-10 02:57:24.795364 +0000 > starting log
2023-07-10 02:57:24.795636 +0000 build-archlinux: > starting build with log
2023-07-10 02:57:24.795653 +0000 build-archlinux: >> make args: update-repo-current
2023-07-10 02:57:24.795663 +0000 build-archlinux: >> MAKEFLAGS=
2023-07-10 02:57:24.795672 +0000 build-archlinux: >> COMPONENTS=salt
2023-07-10 02:57:24.795680 +0000 build-archlinux: >> DISTS_VM=archlinux
2023-07-10 02:57:24.795687 +0000 build-archlinux: >> DIST_DOM0=
2023-07-10 02:57:24.795697 +0000 build-archlinux: >> qubes-builder 19e2b0ab5e44b2383f9f76446c14f6f52d52a76b
2023-07-10 02:57:24.795712 +0000 build-archlinux: >> qubes-builder/qubes-src/salt c8606cdc8e6659ed2a928ea1a18489e8d8933334
2023-07-10 02:57:24.810852 +0000 build-archlinux: !! salt-3005.1.tar.gz
2023-07-10 02:57:24.810908 +0000 build-archlinux: !! salt-3006.1.tar.gz
2023-07-10 02:57:24.874944 +0000 build-archlinux: 391f995f0129f3d7104a0eea4fd83b18aa6ecae0fd7a2c77c1154e24b0bcd52cef4b63db12597c85737bb33ddf605e0c23370cef3bf47f9ea85af5b77d74dc50  salt-3005.1.tar.gz
2023-07-10 02:57:24.941066 +0000 build-archlinux: edfb60c93e2c5b03e4945870bd394b70bdc7598abe12056124bbf912dc29f23e08f6ef569352e3bcdd4d96f092bb6b8ab1765d13f582ea2d3512f85a92de5e95  salt-3006.1.tar.gz
2023-07-10 02:57:24.981370 +0000 build-archlinux: ================================================================================
2023-07-10 02:57:24.981419 +0000 build-archlinux:                            B U I L D   I N F O                                  
2023-07-10 02:57:24.981434 +0000 build-archlinux: Items in red indicate it was automatically generated by configuration file(s)
2023-07-10 02:57:24.981445 +0000 build-archlinux: Items in white indicate it was automatically removed by configuration file(s)
2023-07-10 02:57:24.981455 +0000 build-archlinux: ================================================================================
2023-07-10 02:57:24.981463 +0000 build-archlinux: DISTS_VM:
2023-07-10 02:57:24.982402 +0000 build-archlinux:      archlinux,
2023-07-10 02:57:24.984140 +0000 build-archlinux: DISTS_ALL:
2023-07-10 02:57:24.985921 +0000 build-archlinux:      vm-archlinux,
2023-07-10 02:57:24.985965 +0000 build-archlinux: DIST_DOM0:
2023-07-10 02:57:24.987784 +0000 build-archlinux:     
2023-07-10 02:57:24.987828 +0000 build-archlinux: BUILDER_PLUGINS:
2023-07-10 02:57:24.989588 +0000 build-archlinux:      builder-archlinux, mgmt-salt, linux-repo-archlinux, release-configs, builder-github,
2023-07-10 02:57:24.989630 +0000 build-archlinux: COMPONENTS:
2023-07-10 02:57:24.990992 +0000 build-archlinux:      salt,
2023-07-10 02:57:24.991040 +0000 build-archlinux: GIT_REPOS:
2023-07-10 02:57:24.991832 +0000 build-archlinux:      qubes-src/salt,
2023-07-10 02:57:24.993333 +0000 build-archlinux: TEMPLATE:
2023-07-10 02:57:24.993912 +0000 build-archlinux:     
2023-07-10 02:57:24.995597 +0000 build-archlinux: TEMPLATE_FLAVOR_DIR:
2023-07-10 02:57:24.995641 +0000 build-archlinux:     
2023-07-10 02:57:24.997370 +0000 build-archlinux: TEMPLATE_ALIAS:
2023-07-10 02:57:24.997417 +0000 build-archlinux:      stretch:stretch+standard, stretch+gnome:stretch+gnome+standard,
2023-07-10 02:57:24.997430 +0000 build-archlinux:      stretch+minimal:stretch+minimal+no-recommends, buster:buster+gnome,
2023-07-10 02:57:24.997441 +0000 build-archlinux:      buster+minimal:buster+minimal+no-recommends, bullseye:bullseye+gnome+firmware,
2023-07-10 02:57:24.997452 +0000 build-archlinux:      bullseye+minimal:bullseye+minimal+no-recommends, bookworm:bookworm+gnome+firmware,
2023-07-10 02:57:24.997461 +0000 build-archlinux:      bookworm+minimal:bookworm+minimal+no-recommends, bionic:bionic+standard,
2023-07-10 02:57:24.997472 +0000 build-archlinux:      focal:focal+standard, whonix-gateway-15:buster+whonix-gateway+minimal+no-recommends,
2023-07-10 02:57:24.997481 +0000 build-archlinux:      whonix-workstation-15:buster+whonix-workstation+minimal+no-recommends,
2023-07-10 02:57:24.997490 +0000 build-archlinux:      whonix-gateway-16:bullseye+whonix-gateway+minimal+no-recommends,
2023-07-10 02:57:24.997500 +0000 build-archlinux:      whonix-workstation-16:bullseye+whonix-workstation+minimal+no-recommends,
2023-07-10 02:57:24.999304 +0000 build-archlinux: TEMPLATE_LABEL:
2023-07-10 02:57:24.999500 +0000 build-archlinux:      fc34:fedora-34 fc35:fedora-35 fc36:fedora-36 fc37:fedora-37 fc38:fedora-38 fc34+minimal:fedora-34-minimal
2023-07-10 02:57:24.999528 +0000 build-archlinux:      fc35+minimal:fedora-35-minimal fc36+minimal:fedora-36-minimal fc37+minimal:fedora-37-minimal
2023-07-10 02:57:24.999541 +0000 build-archlinux:      fc38+minimal:fedora-38-minimal fc34+xfce:fedora-34-xfce fc35+xfce:fedora-35-xfce fc36+xfce:fedora-36-xfce
2023-07-10 02:57:24.999553 +0000 build-archlinux:      fc37+xfce:fedora-37-xfce fc38+xfce:fedora-38-xfce stretch:debian-9 stretch+standard:debian-9
2023-07-10 02:57:24.999563 +0000 build-archlinux:      stretch+xfce:debian-9-xfce buster+gnome:debian-10 buster+xfce:debian-10-xfce bullseye:debian-11
2023-07-10 02:57:24.999574 +0000 build-archlinux:      bullseye+standard+firmware:debian-11 bullseye+xfce:debian-11-xfce bookworm:debian-12
2023-07-10 02:57:24.999584 +0000 build-archlinux:      bookworm+standard:debian-12 bookworm+xfce:debian-12-xfce bionic+standard:bionic
2023-07-10 02:57:24.999594 +0000 build-archlinux:      focal+standard:focal buster+whonix-gateway+minimal+no-recommends:whonix-gw-15
2023-07-10 02:57:24.999603 +0000 build-archlinux:      buster+whonix-workstation+minimal+no-recommends:whonix-ws-15
2023-07-10 02:57:24.999612 +0000 build-archlinux:      bullseye+whonix-gateway+minimal+no-recommends:whonix-gw-16
2023-07-10 02:57:24.999622 +0000 build-archlinux:      bullseye+whonix-workstation+minimal+no-recommends:whonix-ws-16 centos7:centos-7
2023-07-10 02:57:24.999632 +0000 build-archlinux:      centos7+minimal:centos-7-minimal centos7+xfce:centos-7-xfce centos-stream8:centos-stream-8
2023-07-10 02:57:24.999642 +0000 build-archlinux:      centos-stream8+minimal:centos-stream-8-minimal centos-stream8+xfce:centos-stream-8-xfce
2023-07-10 02:57:25.013743 +0000 build-archlinux: > running make
2023-07-10 02:57:25.023874 +0000 build-archlinux: Makefile:863: target 'internal-update-repo-current.vm.archlinux.salt' does not exist
2023-07-10 02:57:25.023922 +0000 build-archlinux: repo_base_var="LINUX_REPO_${DIST//-/_}_BASEDIR"; \
2023-07-10 02:57:25.023934 +0000 build-archlinux: if [ "salt" = linux-template-builder ]; then \
2023-07-10 02:57:25.023946 +0000 build-archlinux: .# templates belongs to dom0 repository, even though PACKAGE_SET=vm
2023-07-10 02:57:25.023954 +0000 build-archlinux: repo_base_var="LINUX_REPO__BASEDIR"; \
2023-07-10 02:57:25.023962 +0000 build-archlinux: fi; \
2023-07-10 02:57:25.023971 +0000 build-archlinux: if [ -n "${!repo_base_var}" ]; then \
2023-07-10 02:57:25.023979 +0000 build-archlinux: .repo_basedir="${!repo_base_var}"; \
2023-07-10 02:57:25.023986 +0000 build-archlinux: else \
2023-07-10 02:57:25.023995 +0000 build-archlinux: .repo_basedir="qubes-src/linux-repo-archlinux/r4.1"; \
2023-07-10 02:57:25.024002 +0000 build-archlinux: fi; \
2023-07-10 02:57:25.024010 +0000 build-archlinux: if [ -r qubes-src/salt/Makefile.builder ]; then \
2023-07-10 02:57:25.024018 +0000 build-archlinux: .echo -n "Updating qubes-src/salt... "; \
2023-07-10 02:57:25.024026 +0000 build-archlinux: .if [ "0" -eq 1 ]; then \
2023-07-10 02:57:25.024041 +0000 build-archlinux: ..vtag=`git -C qubes-src/salt tag --points-at HEAD --list v*`; \
2023-07-10 02:57:25.024049 +0000 build-archlinux: ..if [ -z "$vtag" ]; then \
2023-07-10 02:57:25.024057 +0000 build-archlinux: ...echo "no version tag"; \
2023-07-10 02:57:25.024064 +0000 build-archlinux: ...exit 0; \
2023-07-10 02:57:25.024071 +0000 build-archlinux: ..fi; \
2023-07-10 02:57:25.024078 +0000 build-archlinux: .fi; \
2023-07-10 02:57:25.024086 +0000 build-archlinux: .if [ "salt" = linux-template-builder ]; then
2023-07-10 02:57:25.024097 +0000 build-archlinux: export TEMPLATE_NAME=$(MAKEFLAGS= make -s -C qubes-src/linux-template-builder DIST=archlinux template-name)
2023-07-10 02:57:25.024104 +0000 build-archlinux: fi
2023-07-10 02:57:25.024142 +0000 build-archlinux: component_packages=$(MAKEFLAGS= make -s -f Makefile.generic DIST=archlinux PACKAGE_SET=vm COMPONENT=`basename qubes-src/salt` UPDATE_REPO=/home/user/builder-r4.1/$repo_basedir/current/vm/archlinux get-var GET_VAR=PACKAGE_LIST); \
2023-07-10 02:57:25.024154 +0000 build-archlinux: .if [ -z "$component_packages" ]; then \
2023-07-10 02:57:25.024162 +0000 build-archlinux: ..echo "no packages."; \
2023-07-10 02:57:25.024169 +0000 build-archlinux: ..exit 0; \
2023-07-10 02:57:25.024176 +0000 build-archlinux: .fi; \
2023-07-10 02:57:25.024185 +0000 build-archlinux: .make -s -f Makefile.generic DIST=archlinux PACKAGE_SET=vm \
2023-07-10 02:57:25.024193 +0000 build-archlinux: ..COMPONENT=`basename qubes-src/salt` \
2023-07-10 02:57:25.024201 +0000 build-archlinux: ..SNAPSHOT_REPO=current-testing \
2023-07-10 02:57:25.024208 +0000 build-archlinux: ..TARGET_REPO=current \
2023-07-10 02:57:25.024217 +0000 build-archlinux: ..UPDATE_REPO=/home/user/builder-r4.1/$repo_basedir/current/vm/archlinux \
2023-07-10 02:57:25.024229 +0000 build-archlinux: ..SNAPSHOT_FILE=/home/user/builder-r4.1/repo-latest-snapshot/current-testing-vm-archlinux-`basename qubes-src/salt` \
2023-07-10 02:57:25.024237 +0000 build-archlinux: ..BUILD_LOG_URL= \
2023-07-10 02:57:25.024245 +0000 build-archlinux: ..update-repo-from-snapshot || exit 1; \
2023-07-10 02:57:25.024255 +0000 build-archlinux: elif make -C qubes-src/salt -n update-repo-current >/dev/null 2>/dev/null; then \
2023-07-10 02:57:25.024263 +0000 build-archlinux: .echo "Updating qubes-src/salt... "; \
2023-07-10 02:57:25.024273 +0000 build-archlinux: .DIST=archlinux UPDATE_REPO=/home/user/builder-r4.1/$repo_basedir/current/vm/archlinux \
2023-07-10 02:57:25.024282 +0000 build-archlinux: .make -s -C qubes-src/salt update-repo-current || exit 1; \
2023-07-10 02:57:25.024288 +0000 build-archlinux: else \
2023-07-10 02:57:25.024297 +0000 build-archlinux: .echo -n "Updating qubes-src/salt... skipping."; \
2023-07-10 02:57:25.024303 +0000 build-archlinux: fi; \
2023-07-10 02:57:25.024310 +0000 build-archlinux: echo
2023-07-10 02:57:25.039181 +0000 build-archlinux: Updating qubes-src/salt... no packages.
2023-07-10 02:57:25.039385 +0000 build-archlinux: Makefile:832: update target 'internal-update-repo-current.vm.archlinux' due to: internal-update-repo-current.vm.archlinux.salt
2023-07-10 02:57:25.039407 +0000 build-archlinux: true
2023-07-10 02:57:25.042280 +0000 build-archlinux: Makefile:945: target 'post-update-repo-current' does not exist
2023-07-10 02:57:25.042324 +0000 build-archlinux: true
2023-07-10 02:57:25.042501 +0000 build-archlinux: Makefile:819: update target 'update-repo-current' due to: internal-update-repo-current.vm.archlinux post-update-repo-current
2023-07-10 02:57:25.042522 +0000 build-archlinux: true
2023-07-10 02:57:25.044457 +0000 build-archlinux: > done
2023-07-10 02:57:25.044613 +0000 > closing log
