2022-08-15 13:13:49.003227 +0000 > starting log
2022-08-15 13:13:49.003626 +0000 build-archlinux: > starting build with log
2022-08-15 13:13:49.003644 +0000 build-archlinux: >> make args: update-repo-current
2022-08-15 13:13:49.003654 +0000 build-archlinux: >> MAKEFLAGS=
2022-08-15 13:13:49.003663 +0000 build-archlinux: >> COMPONENTS=tpm2-tools
2022-08-15 13:13:49.003671 +0000 build-archlinux: >> DISTS_VM=archlinux
2022-08-15 13:13:49.003679 +0000 build-archlinux: >> DIST_DOM0=
2022-08-15 13:13:49.003689 +0000 build-archlinux: >> qubes-builder fb304f53b900b6d8ebe508734d30cd22d5abf44d
2022-08-15 13:13:49.003700 +0000 build-archlinux: >> qubes-builder/qubes-src/tpm2-tools bb36e809fbf160894ee51ba232d8ac85a6073395
2022-08-15 13:13:49.003709 +0000 build-archlinux: ?? tpm2-tools-5.2.tar.gz
2022-08-15 13:13:49.003726 +0000 build-archlinux: 9fb5dc298717a8a57c89d286e3590370a096c81b14d2d8d4eb5fca140d66148a8e24727ee04fb02057bbfcc3ede50e93ba0ef22396888c9df48bf6f42a5d6e6b  tpm2-tools-5.2.tar.gz
2022-08-15 13:13:49.003738 +0000 build-archlinux: ================================================================================
2022-08-15 13:13:49.003750 +0000 build-archlinux:                            B U I L D   I N F O                                  
2022-08-15 13:13:49.003761 +0000 build-archlinux: Items in red indicate it was automatically generated by configuration file(s)
2022-08-15 13:13:49.003773 +0000 build-archlinux: Items in white indicate it was automatically removed by configuration file(s)
2022-08-15 13:13:49.003784 +0000 build-archlinux: ================================================================================
2022-08-15 13:13:49.003791 +0000 build-archlinux: DISTS_VM:
2022-08-15 13:13:49.003798 +0000 build-archlinux:      archlinux,
2022-08-15 13:13:49.003805 +0000 build-archlinux: DISTS_ALL:
2022-08-15 13:13:49.003813 +0000 build-archlinux:      vm-archlinux,
2022-08-15 13:13:49.003820 +0000 build-archlinux: DIST_DOM0:
2022-08-15 13:13:49.003826 +0000 build-archlinux:     
2022-08-15 13:13:49.003833 +0000 build-archlinux: BUILDER_PLUGINS:
2022-08-15 13:13:49.003845 +0000 build-archlinux:      builder-archlinux, mgmt-salt, linux-repo-archlinux, release-configs, builder-github,
2022-08-15 13:13:49.003852 +0000 build-archlinux: COMPONENTS:
2022-08-15 13:13:49.003859 +0000 build-archlinux:      tpm2-tools,
2022-08-15 13:13:49.003865 +0000 build-archlinux: GIT_REPOS:
2022-08-15 13:13:49.003873 +0000 build-archlinux:      qubes-src/tpm2-tools,
2022-08-15 13:13:49.003880 +0000 build-archlinux: TEMPLATE:
2022-08-15 13:13:49.003886 +0000 build-archlinux:     
2022-08-15 13:13:49.003893 +0000 build-archlinux: TEMPLATE_FLAVOR_DIR:
2022-08-15 13:13:49.003900 +0000 build-archlinux:     
2022-08-15 13:13:49.003907 +0000 build-archlinux: TEMPLATE_ALIAS:
2022-08-15 13:13:49.003917 +0000 build-archlinux:      stretch:stretch+standard, stretch+gnome:stretch+gnome+standard,
2022-08-15 13:13:49.003928 +0000 build-archlinux:      stretch+minimal:stretch+minimal+no-recommends, buster:buster+standard,
2022-08-15 13:13:49.003940 +0000 build-archlinux:      buster+gnome:buster+gnome+standard, buster+minimal:buster+minimal+no-recommends,
2022-08-15 13:13:49.003952 +0000 build-archlinux:      bullseye:bullseye+standard+firmware, bullseye+gnome:bullseye+gnome+standard+firmware,
2022-08-15 13:13:49.003963 +0000 build-archlinux:      bullseye+minimal:bullseye+minimal+no-recommends, bookworm:bookworm+standard,
2022-08-15 13:13:49.003975 +0000 build-archlinux:      bookworm+gnome:bookworm+gnome+standard, bookworm+minimal:bookworm+minimal+no-recommends,
2022-08-15 13:13:49.003989 +0000 build-archlinux:      bionic:bionic+standard, focal:focal+standard, whonix-gateway-15:buster+whonix-gateway+minimal+no-recommends,
2022-08-15 13:13:49.004000 +0000 build-archlinux:      whonix-workstation-15:buster+whonix-workstation+minimal+no-recommends,
2022-08-15 13:13:49.004011 +0000 build-archlinux:      whonix-gateway-16:bullseye+whonix-gateway+minimal+no-recommends,
2022-08-15 13:13:49.004022 +0000 build-archlinux:      whonix-workstation-16:bullseye+whonix-workstation+minimal+no-recommends,
2022-08-15 13:13:49.004038 +0000 build-archlinux: TEMPLATE_LABEL:
2022-08-15 13:13:49.004053 +0000 build-archlinux:      fc34:fedora-34 fc35:fedora-35 fc36:fedora-36 fc34+minimal:fedora-34-minimal fc35+minimal:fedora-35-minimal
2022-08-15 13:13:49.004066 +0000 build-archlinux:      fc36+minimal:fedora-36-minimal fc34+xfce:fedora-34-xfce fc35+xfce:fedora-35-xfce fc36+xfce:fedora-36-xfce
2022-08-15 13:13:49.004079 +0000 build-archlinux:      stretch:debian-9 stretch+standard:debian-9 stretch+xfce:debian-9-xfce buster:debian-10
2022-08-15 13:13:49.004092 +0000 build-archlinux:      buster+standard:debian-10 buster+xfce:debian-10-xfce bullseye:debian-11 bullseye+standard+firmware:debian-11
2022-08-15 13:13:49.004106 +0000 build-archlinux:      bullseye+xfce:debian-11-xfce bookworm:debian-12 bookworm+standard:debian-12 bookworm+xfce:debian-12-xfce
2022-08-15 13:13:49.004119 +0000 build-archlinux:      bionic+standard:bionic focal+standard:focal buster+whonix-gateway+minimal+no-recommends:whonix-gw-15
2022-08-15 13:13:49.004129 +0000 build-archlinux:      buster+whonix-workstation+minimal+no-recommends:whonix-ws-15
2022-08-15 13:13:49.004140 +0000 build-archlinux:      bullseye+whonix-gateway+minimal+no-recommends:whonix-gw-16
2022-08-15 13:13:49.004151 +0000 build-archlinux:      bullseye+whonix-workstation+minimal+no-recommends:whonix-ws-16 centos7:centos-7
2022-08-15 13:13:49.004163 +0000 build-archlinux:      centos7+minimal:centos-7-minimal centos7+xfce:centos-7-xfce centos-stream8:centos-stream-8
2022-08-15 13:13:49.004176 +0000 build-archlinux:      centos-stream8+minimal:centos-stream-8-minimal centos-stream8+xfce:centos-stream-8-xfce
2022-08-15 13:13:49.004183 +0000 build-archlinux: > running make
2022-08-15 13:13:49.004195 +0000 build-archlinux: Makefile:863: target 'internal-update-repo-current.vm.archlinux.tpm2-tools' does not exist
2022-08-15 13:13:49.004204 +0000 build-archlinux: repo_base_var="LINUX_REPO_${DIST//-/_}_BASEDIR"; \
2022-08-15 13:13:49.004214 +0000 build-archlinux: if [ "tpm2-tools" = linux-template-builder ]; then \
2022-08-15 13:13:49.004225 +0000 build-archlinux: .# templates belongs to dom0 repository, even though PACKAGE_SET=vm
2022-08-15 13:13:49.004234 +0000 build-archlinux: repo_base_var="LINUX_REPO__BASEDIR"; \
2022-08-15 13:13:49.004240 +0000 build-archlinux: fi; \
2022-08-15 13:13:49.004249 +0000 build-archlinux: if [ -n "${!repo_base_var}" ]; then \
2022-08-15 13:13:49.004257 +0000 build-archlinux: .repo_basedir="${!repo_base_var}"; \
2022-08-15 13:13:49.004263 +0000 build-archlinux: else \
2022-08-15 13:13:49.004273 +0000 build-archlinux: .repo_basedir="qubes-src/linux-repo-archlinux/r4.1"; \
2022-08-15 13:13:49.004280 +0000 build-archlinux: fi; \
2022-08-15 13:13:49.004289 +0000 build-archlinux: if [ -r qubes-src/tpm2-tools/Makefile.builder ]; then \
2022-08-15 13:13:49.004298 +0000 build-archlinux: .echo -n "Updating qubes-src/tpm2-tools... "; \
2022-08-15 13:13:49.004306 +0000 build-archlinux: .if [ "0" -eq 1 ]; then \
2022-08-15 13:13:49.004317 +0000 build-archlinux: ..vtag=`git -C qubes-src/tpm2-tools tag --points-at HEAD --list v*`; \
2022-08-15 13:13:49.004325 +0000 build-archlinux: ..if [ -z "$vtag" ]; then \
2022-08-15 13:13:49.004333 +0000 build-archlinux: ...echo "no version tag"; \
2022-08-15 13:13:49.004340 +0000 build-archlinux: ...exit 0; \
2022-08-15 13:13:49.004346 +0000 build-archlinux: ..fi; \
2022-08-15 13:13:49.004353 +0000 build-archlinux: .fi; \
2022-08-15 13:13:49.004362 +0000 build-archlinux: .if [ "tpm2-tools" = linux-template-builder ]; then
2022-08-15 13:13:49.004375 +0000 build-archlinux: export TEMPLATE_NAME=$(MAKEFLAGS= make -s -C qubes-src/linux-template-builder DIST=archlinux template-name)
2022-08-15 13:13:49.004382 +0000 build-archlinux: fi
2022-08-15 13:13:49.004409 +0000 build-archlinux: component_packages=$(MAKEFLAGS= make -s -f Makefile.generic DIST=archlinux PACKAGE_SET=vm COMPONENT=`basename qubes-src/tpm2-tools` UPDATE_REPO=/home/user/builder-r4.1/$repo_basedir/current/vm/archlinux get-var GET_VAR=PACKAGE_LIST); \
2022-08-15 13:13:49.004426 +0000 build-archlinux: .if [ -z "$component_packages" ]; then \
2022-08-15 13:13:49.004435 +0000 build-archlinux: ..echo "no packages."; \
2022-08-15 13:13:49.004468 +0000 build-archlinux: ..exit 0; \
2022-08-15 13:13:49.004476 +0000 build-archlinux: .fi; \
2022-08-15 13:13:49.004486 +0000 build-archlinux: .make -s -f Makefile.generic DIST=archlinux PACKAGE_SET=vm \
2022-08-15 13:13:49.004496 +0000 build-archlinux: ..COMPONENT=`basename qubes-src/tpm2-tools` \
2022-08-15 13:13:49.004504 +0000 build-archlinux: ..SNAPSHOT_REPO=current-testing \
2022-08-15 13:13:49.004511 +0000 build-archlinux: ..TARGET_REPO=current \
2022-08-15 13:13:49.004522 +0000 build-archlinux: ..UPDATE_REPO=/home/user/builder-r4.1/$repo_basedir/current/vm/archlinux \
2022-08-15 13:13:49.004537 +0000 build-archlinux: ..SNAPSHOT_FILE=/home/user/builder-r4.1/repo-latest-snapshot/current-testing-vm-archlinux-`basename qubes-src/tpm2-tools` \
2022-08-15 13:13:49.004544 +0000 build-archlinux: ..BUILD_LOG_URL= \
2022-08-15 13:13:49.004553 +0000 build-archlinux: ..update-repo-from-snapshot || exit 1; \
2022-08-15 13:13:49.004565 +0000 build-archlinux: elif make -C qubes-src/tpm2-tools -n update-repo-current >/dev/null 2>/dev/null; then \
2022-08-15 13:13:49.004574 +0000 build-archlinux: .echo "Updating qubes-src/tpm2-tools... "; \
2022-08-15 13:13:49.004586 +0000 build-archlinux: .DIST=archlinux UPDATE_REPO=/home/user/builder-r4.1/$repo_basedir/current/vm/archlinux \
2022-08-15 13:13:49.004596 +0000 build-archlinux: .make -s -C qubes-src/tpm2-tools update-repo-current || exit 1; \
2022-08-15 13:13:49.004603 +0000 build-archlinux: else \
2022-08-15 13:13:49.004613 +0000 build-archlinux: .echo -n "Updating qubes-src/tpm2-tools... skipping."; \
2022-08-15 13:13:49.004619 +0000 build-archlinux: fi; \
2022-08-15 13:13:49.004626 +0000 build-archlinux: echo
2022-08-15 13:13:49.018217 +0000 build-archlinux: Updating qubes-src/tpm2-tools... no packages.
2022-08-15 13:13:49.018633 +0000 build-archlinux: Makefile:832: update target 'internal-update-repo-current.vm.archlinux' due to: internal-update-repo-current.vm.archlinux.tpm2-tools
2022-08-15 13:13:49.018672 +0000 build-archlinux: true
2022-08-15 13:13:49.020150 +0000 build-archlinux: Makefile:945: target 'post-update-repo-current' does not exist
2022-08-15 13:13:49.020186 +0000 build-archlinux: true
2022-08-15 13:13:49.021641 +0000 build-archlinux: Makefile:819: update target 'update-repo-current' due to: internal-update-repo-current.vm.archlinux post-update-repo-current
2022-08-15 13:13:49.021675 +0000 build-archlinux: true
2022-08-15 13:13:49.023450 +0000 build-archlinux: > done
2022-08-15 13:13:49.023518 +0000 > closing log
