2021-01-14 23:12:51.690474 +0000 > starting log
2021-01-14 23:12:51.690811 +0000 build-archlinux: > starting build with log
2021-01-14 23:12:51.690827 +0000 build-archlinux: >> make args: update-repo-current
2021-01-14 23:12:51.690836 +0000 build-archlinux: >> MAKEFLAGS=
2021-01-14 23:12:51.690845 +0000 build-archlinux: >> COMPONENTS=core-qubesdb
2021-01-14 23:12:51.690858 +0000 build-archlinux: >> DISTS_VM=archlinux
2021-01-14 23:12:51.690866 +0000 build-archlinux: >> DIST_DOM0=
2021-01-14 23:12:51.690877 +0000 build-archlinux: >> qubes-builder 466aa0abd25c33f5ecb0641f0bff4ad2f8ac5817
2021-01-14 23:12:51.690889 +0000 build-archlinux: >> qubes-builder/qubes-src/core-qubesdb a71826f82b80010d8f53d562957d44b5f732a5ba
2021-01-14 23:12:51.690898 +0000 build-archlinux: !! pkgs/vm-archlinux/archlinux.list
2021-01-14 23:12:51.690908 +0000 build-archlinux: !! pkgs/vm-archlinux/qubes-db-vm-4.0.15-5-x86_64.pkg.tar.zst
2021-01-14 23:12:51.690919 +0000 build-archlinux: !! pkgs/vm-archlinux/qubes-db-vm-4.0.15-5-x86_64.pkg.tar.zst.sig
2021-01-14 23:12:51.690929 +0000 build-archlinux: !! pkgs/vm-archlinux/qubes-db-vm-4.0.16-5-x86_64.pkg.tar.zst
2021-01-14 23:12:51.690939 +0000 build-archlinux: !! pkgs/vm-archlinux/qubes-db-vm-4.0.16-5-x86_64.pkg.tar.zst.sig
2021-01-14 23:12:51.690956 +0000 build-archlinux: 5de7edcd430a8a07e2bda93427ef1373872238ba4ecc1d6daa7e86e621e4f50058b45e191eb05e887416ffde2ace842341eb862fd0e4ecf2b38c6b6c768e8bba  pkgs/vm-archlinux/archlinux.list
2021-01-14 23:12:51.690974 +0000 build-archlinux: 9cad61311f5af4e7949c55fc83bdf9b1a2f69b63c299b4f80b77784313b22d20361d4f26e4ffdae4106da39b36579f05c51e2494428c77fd0291658a8955aa71  pkgs/vm-archlinux/qubes-db-vm-4.0.15-5-x86_64.pkg.tar.zst
2021-01-14 23:12:51.690993 +0000 build-archlinux: 5fb8fbfdd99a0d2ff94dc7eca3d5d3b32c0674b4f5136debf5a7c9577b5cdc2101184b5217bba490857d9baf0b038aa1f808e735de49f75bfadcc9355d9ca297  pkgs/vm-archlinux/qubes-db-vm-4.0.15-5-x86_64.pkg.tar.zst.sig
2021-01-14 23:12:51.691011 +0000 build-archlinux: 0733aaf3ac4872b1e0ec18c50b6746f48254774c0fff62af7672cff76d25d889061e838bff65e27ae7c609fc7eb2462962fce5d617bf68d477ac8cbc01190b72  pkgs/vm-archlinux/qubes-db-vm-4.0.16-5-x86_64.pkg.tar.zst
2021-01-14 23:12:51.691124 +0000 build-archlinux: aedb89524e472513786db0ed1b9a11433ad8e3c8b5299ff781563a4de1a3000cbc59a6bfc28cb67e794bc6586153299162f22766192f2f7f27c49e3aafbd9138  pkgs/vm-archlinux/qubes-db-vm-4.0.16-5-x86_64.pkg.tar.zst.sig
2021-01-14 23:12:51.703723 +0000 build-archlinux: ================================================================================
2021-01-14 23:12:51.703782 +0000 build-archlinux:                            B U I L D   I N F O                                  
2021-01-14 23:12:51.703807 +0000 build-archlinux: Items in red indicate it was automatically generated by configuration file(s)
2021-01-14 23:12:51.703823 +0000 build-archlinux: Items in white indicate it was automatically removed by configuration file(s)
2021-01-14 23:12:51.703837 +0000 build-archlinux: ================================================================================
2021-01-14 23:12:51.703846 +0000 build-archlinux: DISTS_VM:
2021-01-14 23:12:51.704264 +0000 build-archlinux:      archlinux,
2021-01-14 23:12:51.706622 +0000 build-archlinux: DISTS_ALL:
2021-01-14 23:12:51.714358 +0000 build-archlinux:      vm-archlinux,
2021-01-14 23:12:51.714403 +0000 build-archlinux: DIST_DOM0:
2021-01-14 23:12:51.714413 +0000 build-archlinux:     
2021-01-14 23:12:51.714421 +0000 build-archlinux: BUILDER_PLUGINS:
2021-01-14 23:12:51.715537 +0000 build-archlinux:      builder-archlinux, mgmt-salt, linux-repo-archlinux, release-configs, builder-github,
2021-01-14 23:12:51.715578 +0000 build-archlinux: COMPONENTS:
2021-01-14 23:12:51.719459 +0000 build-archlinux:      core-qubesdb,
2021-01-14 23:12:51.719500 +0000 build-archlinux: GIT_REPOS:
2021-01-14 23:12:51.720972 +0000 build-archlinux:      qubes-src/core-qubesdb,
2021-01-14 23:12:51.726660 +0000 build-archlinux: TEMPLATE:
2021-01-14 23:12:51.726702 +0000 build-archlinux:     
2021-01-14 23:12:51.726714 +0000 build-archlinux: TEMPLATE_FLAVOR_DIR:
2021-01-14 23:12:51.726740 +0000 build-archlinux:     
2021-01-14 23:12:51.728894 +0000 build-archlinux: TEMPLATE_ALIAS:
2021-01-14 23:12:51.730125 +0000 build-archlinux:      stretch:stretch+standard, stretch+gnome:stretch+gnome+standard,
2021-01-14 23:12:51.730170 +0000 build-archlinux:      stretch+minimal:stretch+minimal+no-recommends, buster:buster+standard, buster+gnome:buster+gnome+standard,
2021-01-14 23:12:51.730185 +0000 build-archlinux:      buster+minimal:buster+minimal+no-recommends, bullseye:bullseye+standard,
2021-01-14 23:12:51.730198 +0000 build-archlinux:      bullseye+gnome:bullseye+gnome+standard, bullseye+minimal:bullseye+minimal+no-recommends,
2021-01-14 23:12:51.730210 +0000 build-archlinux:      whonix-gateway-14:stretch+whonix-gateway+minimal+no-recommends,
2021-01-14 23:12:51.730222 +0000 build-archlinux:      whonix-workstation-14:stretch+whonix-workstation+minimal+no-recommends,
2021-01-14 23:12:51.730233 +0000 build-archlinux:      whonix-gateway-15:buster+whonix-gateway+minimal+no-recommends,
2021-01-14 23:12:51.730244 +0000 build-archlinux:      whonix-workstation-15:buster+whonix-workstation+minimal+no-recommends,
2021-01-14 23:12:51.730252 +0000 build-archlinux: TEMPLATE_LABEL:
2021-01-14 23:12:51.731817 +0000 build-archlinux:      fc25:fedora-25 fc30:fedora-30 fc31:fedora-31 fc32:fedora-32 fc30+minimal:fedora-30-minimal
2021-01-14 23:12:51.731862 +0000 build-archlinux:      fc31+minimal:fedora-31-minimal fc32+minimal:fedora-32-minimal fc30+xfce:fedora-30-xfce
2021-01-14 23:12:51.731879 +0000 build-archlinux:      fc31+xfce:fedora-31-xfce fc32+xfce:fedora-32-xfce stretch:debian-9 stretch+standard:debian-9
2021-01-14 23:12:51.731891 +0000 build-archlinux:      stretch+xfce:debian-9-xfce buster:debian-10 buster+standard:debian-10
2021-01-14 23:12:51.731903 +0000 build-archlinux:      buster+xfce:debian-10-xfce bullseye:debian-11 bullseye+standard:debian-11
2021-01-14 23:12:51.731916 +0000 build-archlinux:      bullseye+xfce:debian-11-xfce stretch+whonix-gateway+minimal+no-recommends:whonix-gw-14
2021-01-14 23:12:51.731927 +0000 build-archlinux:      stretch+whonix-workstation+minimal+no-recommends:whonix-ws-14
2021-01-14 23:12:51.731938 +0000 build-archlinux:      buster+whonix-gateway+minimal+no-recommends:whonix-gw-15
2021-01-14 23:12:51.731950 +0000 build-archlinux:      buster+whonix-workstation+minimal+no-recommends:whonix-ws-15 centos7:centos-7
2021-01-14 23:12:51.731961 +0000 build-archlinux:      centos7+minimal:centos-7-minimal centos7+xfce:centos-7-xfce centos8:centos-8
2021-01-14 23:12:51.731972 +0000 build-archlinux:      centos8+minimal:centos-8-minimal centos8+xfce:centos-8-xfce
2021-01-14 23:12:51.754415 +0000 build-archlinux: > running make
2021-01-14 23:12:51.767067 +0000 build-archlinux: Makefile:847: target 'internal-update-repo-current.vm.archlinux.core-qubesdb' does not exist
2021-01-14 23:12:51.767135 +0000 build-archlinux: repo_base_var="LINUX_REPO_archlinux_BASEDIR"; \
2021-01-14 23:12:51.767151 +0000 build-archlinux: if [ "core-qubesdb" = linux-template-builder ]; then \
2021-01-14 23:12:51.767164 +0000 build-archlinux: .# templates belongs to dom0 repository, even though PACKAGE_SET=vm
2021-01-14 23:12:51.767174 +0000 build-archlinux: repo_base_var="LINUX_REPO__BASEDIR"; \
2021-01-14 23:12:51.767181 +0000 build-archlinux: fi; \
2021-01-14 23:12:51.767190 +0000 build-archlinux: if [ -n "${!repo_base_var}" ]; then \
2021-01-14 23:12:51.767199 +0000 build-archlinux: .repo_basedir="${!repo_base_var}"; \
2021-01-14 23:12:51.767207 +0000 build-archlinux: else \
2021-01-14 23:12:51.767216 +0000 build-archlinux: .repo_basedir="qubes-src/linux-repo-archlinux/r4.0"; \
2021-01-14 23:12:51.767223 +0000 build-archlinux: fi; \
2021-01-14 23:12:51.767233 +0000 build-archlinux: if [ -r qubes-src/core-qubesdb/Makefile.builder ]; then \
2021-01-14 23:12:51.767243 +0000 build-archlinux: .echo -n "Updating qubes-src/core-qubesdb... "; \
2021-01-14 23:12:51.767252 +0000 build-archlinux: .if [ "0" -eq 1 ]; then \
2021-01-14 23:12:51.767263 +0000 build-archlinux: ..vtag=`git -C qubes-src/core-qubesdb tag --points-at HEAD --list v*`; \
2021-01-14 23:12:51.767289 +0000 build-archlinux: ..if [ -z "$vtag" ]; then \
2021-01-14 23:12:51.767299 +0000 build-archlinux: ...echo "no version tag"; \
2021-01-14 23:12:51.767307 +0000 build-archlinux: ...exit 0; \
2021-01-14 23:12:51.767314 +0000 build-archlinux: ..fi; \
2021-01-14 23:12:51.767322 +0000 build-archlinux: .fi; \
2021-01-14 23:12:51.767332 +0000 build-archlinux: .if [ "core-qubesdb" = linux-template-builder ]; then
2021-01-14 23:12:51.767345 +0000 build-archlinux: export TEMPLATE_NAME=$(MAKEFLAGS= make -s -C qubes-src/linux-template-builder DIST=archlinux template-name)
2021-01-14 23:12:51.767353 +0000 build-archlinux: fi
2021-01-14 23:12:51.767375 +0000 build-archlinux: component_packages=$(MAKEFLAGS= make -s -f Makefile.generic DIST=archlinux PACKAGE_SET=vm COMPONENT=`basename qubes-src/core-qubesdb` UPDATE_REPO=/home/user/builder-r4.0/$repo_basedir/current/vm/archlinux get-var GET_VAR=PACKAGE_LIST); \
2021-01-14 23:12:51.767386 +0000 build-archlinux: .if [ -z "$component_packages" ]; then \
2021-01-14 23:12:51.767394 +0000 build-archlinux: ..echo "no packages."; \
2021-01-14 23:12:51.767402 +0000 build-archlinux: ..exit 0; \
2021-01-14 23:12:51.767409 +0000 build-archlinux: .fi; \
2021-01-14 23:12:51.767419 +0000 build-archlinux: .make -s -f Makefile.generic DIST=archlinux PACKAGE_SET=vm \
2021-01-14 23:12:51.767429 +0000 build-archlinux: ..COMPONENT=`basename qubes-src/core-qubesdb` \
2021-01-14 23:12:51.767438 +0000 build-archlinux: ..SNAPSHOT_REPO=current-testing \
2021-01-14 23:12:51.767446 +0000 build-archlinux: ..TARGET_REPO=current \
2021-01-14 23:12:51.767457 +0000 build-archlinux: ..UPDATE_REPO=/home/user/builder-r4.0/$repo_basedir/current/vm/archlinux \
2021-01-14 23:12:51.767472 +0000 build-archlinux: ..SNAPSHOT_FILE=/home/user/builder-r4.0/repo-latest-snapshot/current-testing-vm-archlinux-`basename qubes-src/core-qubesdb` \
2021-01-14 23:12:51.767480 +0000 build-archlinux: ..BUILD_LOG_URL= \
2021-01-14 23:12:51.767489 +0000 build-archlinux: ..update-repo-from-snapshot || exit 1; \
2021-01-14 23:12:51.767501 +0000 build-archlinux: elif make -C qubes-src/core-qubesdb -n update-repo-current >/dev/null 2>/dev/null; then \
2021-01-14 23:12:51.767511 +0000 build-archlinux: .echo "Updating qubes-src/core-qubesdb... "; \
2021-01-14 23:12:51.767523 +0000 build-archlinux: .DIST=archlinux UPDATE_REPO=/home/user/builder-r4.0/$repo_basedir/current/vm/archlinux \
2021-01-14 23:12:51.767534 +0000 build-archlinux: .make -s -C qubes-src/core-qubesdb update-repo-current || exit 1; \
2021-01-14 23:12:51.767541 +0000 build-archlinux: else \
2021-01-14 23:12:51.767551 +0000 build-archlinux: .echo -n "Updating qubes-src/core-qubesdb... skipping."; \
2021-01-14 23:12:51.767558 +0000 build-archlinux: fi; \
2021-01-14 23:12:51.767565 +0000 build-archlinux: echo
2021-01-14 23:12:51.793094 +0000 build-archlinux: Updating qubes-src/core-qubesdb... Makefile.generic:223: target 'update-repo-date-check' does not exist
2021-01-14 23:12:51.793142 +0000 build-archlinux: if ! [ -r /home/user/builder-r4.0/repo-latest-snapshot/current-testing-vm-archlinux-core-qubesdb ]; then \
2021-01-14 23:12:51.793158 +0000 build-archlinux: .echo "`tput bold`*** Packages weren't uploaded to current-testing! ***`tput sgr0`"; \
2021-01-14 23:12:51.793168 +0000 build-archlinux: .exit 1; \
2021-01-14 23:12:51.793175 +0000 build-archlinux: fi
2021-01-14 23:12:51.802157 +0000 build-archlinux: touch -t `date -d "7 days ago" +%Y%m%d%H%M` /tmp/age-compare-file
2021-01-14 23:12:51.804866 +0000 build-archlinux: if ! [ /home/user/builder-r4.0/repo-latest-snapshot/current-testing-vm-archlinux-core-qubesdb -ot /tmp/age-compare-file ]; then \
2021-01-14 23:12:51.804913 +0000 build-archlinux: .echo "`tput bold`*** Packages weren't in current-testing for at least 7 days! ***`tput sgr0`"; \
2021-01-14 23:12:51.804925 +0000 build-archlinux: .exit 1; \
2021-01-14 23:12:51.804933 +0000 build-archlinux: fi
2021-01-14 23:12:51.810463 +0000 build-archlinux: rm -f /tmp/age-compare-file
2021-01-14 23:12:51.813844 +0000 build-archlinux: /home/user/builder-r4.0/qubes-src/builder-github//Makefile.github:18: target 'notify-github' does not exist
2021-01-14 23:12:51.813891 +0000 build-archlinux: [ -z "core-qubesdb" ] || /home/user/builder-r4.0/qubes-src/builder-github//notify-issues \
2021-01-14 23:12:51.813903 +0000 build-archlinux: .--build-log="" \
2021-01-14 23:12:51.813912 +0000 build-archlinux: .upload \
2021-01-14 23:12:51.813920 +0000 build-archlinux: ."r4.0" \
2021-01-14 23:12:51.813928 +0000 build-archlinux: ."qubes-src/core-qubesdb" \
2021-01-14 23:12:51.813936 +0000 build-archlinux: ."core-qubesdb" \
2021-01-14 23:12:51.813944 +0000 build-archlinux: ."archlinux" \
2021-01-14 23:12:51.813951 +0000 build-archlinux: ."vm" \
2021-01-14 23:12:51.813959 +0000 build-archlinux: ."current" \
2021-01-14 23:12:51.813970 +0000 build-archlinux: ."/home/user/github-notify-state/r4.0-core-qubesdb-vm-archlinux-current" \
2021-01-14 23:12:51.813981 +0000 build-archlinux: ."/home/user/github-notify-state/r4.0-core-qubesdb-vm-archlinux-current"
2021-01-14 23:12:58.112784 +0000 build-archlinux: WARNING: message template /home/user/builder-r4.0/qubes-src/builder-github/templates/message-stable-vm doesn't exist, not adding comments
2021-01-14 23:12:58.135688 +0000 build-archlinux: /home/user/builder-r4.0/qubes-src/builder-archlinux/Makefile.archlinux:208: update target 'update-repo-from-snapshot' due to: update-repo-date-check notify-github
2021-01-14 23:12:58.135747 +0000 build-archlinux: mkdir -p /home/user/builder-r4.0/qubes-src/linux-repo-archlinux/r4.0/current/vm/archlinux/pkgs; \
2021-01-14 23:12:58.135767 +0000 build-archlinux: for f in pkgs/vm-archlinux/qubes-db-vm-4.0.16-5-x86_64.pkg.tar.zst; do \
2021-01-14 23:12:58.135794 +0000 build-archlinux: .ln -f /home/user/builder-r4.0/qubes-src/linux-repo-archlinux/r4.0/current-testing/vm/archlinux/pkgs/`basename $f` /home/user/builder-r4.0/qubes-src/linux-repo-archlinux/r4.0/current/vm/archlinux/pkgs/ || exit 1; \
2021-01-14 23:12:58.135818 +0000 build-archlinux: .ln -f /home/user/builder-r4.0/qubes-src/linux-repo-archlinux/r4.0/current-testing/vm/archlinux/pkgs/`basename $f`.sig /home/user/builder-r4.0/qubes-src/linux-repo-archlinux/r4.0/current/vm/archlinux/pkgs/ 2>/dev/null; \
2021-01-14 23:12:58.135828 +0000 build-archlinux: done
2021-01-14 23:12:58.153252 +0000 build-archlinux: 
2021-01-14 23:12:58.161633 +0000 build-archlinux: Makefile:816: update target 'internal-update-repo-current.vm.archlinux' due to: internal-update-repo-current.vm.archlinux.core-qubesdb
2021-01-14 23:12:58.161706 +0000 build-archlinux: true
2021-01-14 23:12:58.161729 +0000 build-archlinux: Makefile:929: target 'post-update-repo-current' does not exist
2021-01-14 23:12:58.161740 +0000 build-archlinux: true
2021-01-14 23:12:58.161758 +0000 build-archlinux: Makefile:803: update target 'update-repo-current' due to: internal-update-repo-current.vm.archlinux post-update-repo-current
2021-01-14 23:12:58.161768 +0000 build-archlinux: true
2021-01-14 23:12:58.164930 +0000 build-archlinux: > done
2021-01-14 23:12:58.164985 +0000 > closing log
