2021-01-27 05:23:46.154543 +0000 > starting log
2021-01-27 05:23:46.154945 +0000 build-archlinux: > starting build with log
2021-01-27 05:23:46.154964 +0000 build-archlinux: >> make args: update-repo-current
2021-01-27 05:23:46.154974 +0000 build-archlinux: >> MAKEFLAGS=
2021-01-27 05:23:46.154984 +0000 build-archlinux: >> COMPONENTS=python-u2flib-host
2021-01-27 05:23:46.154992 +0000 build-archlinux: >> DISTS_VM=archlinux
2021-01-27 05:23:46.155000 +0000 build-archlinux: >> DIST_DOM0=
2021-01-27 05:23:46.155010 +0000 build-archlinux: >> qubes-builder eba86028d3501971da7652687c6d0683b9cdae44
2021-01-27 05:23:46.155022 +0000 build-archlinux: >> qubes-builder/qubes-src/python-u2flib-host 31a5bbc05a57ed029c067a7b550df8533604c213
2021-01-27 05:23:46.155032 +0000 build-archlinux: !! python-u2flib-host-3.0.3.tar.gz
2021-01-27 05:23:46.155048 +0000 build-archlinux: 04f0a9427912d3d7595aa37de8556b3789c46b5c056745e864a4609492d8f2b790fc7157c66124d0d010b45c726c2f6ed316fb7a8f1224da6206acd17e7e1897  python-u2flib-host-3.0.3.tar.gz
2021-01-27 05:23:46.155059 +0000 build-archlinux: ================================================================================
2021-01-27 05:23:46.155071 +0000 build-archlinux:                            B U I L D   I N F O                                  
2021-01-27 05:23:46.155082 +0000 build-archlinux: Items in red indicate it was automatically generated by configuration file(s)
2021-01-27 05:23:46.155093 +0000 build-archlinux: Items in white indicate it was automatically removed by configuration file(s)
2021-01-27 05:23:46.155104 +0000 build-archlinux: ================================================================================
2021-01-27 05:23:46.155112 +0000 build-archlinux: DISTS_VM:
2021-01-27 05:23:46.155119 +0000 build-archlinux:      archlinux,
2021-01-27 05:23:46.155126 +0000 build-archlinux: DISTS_ALL:
2021-01-27 05:23:46.155134 +0000 build-archlinux:      vm-archlinux,
2021-01-27 05:23:46.155141 +0000 build-archlinux: DIST_DOM0:
2021-01-27 05:23:46.155147 +0000 build-archlinux:     
2021-01-27 05:23:46.155155 +0000 build-archlinux: BUILDER_PLUGINS:
2021-01-27 05:23:46.155166 +0000 build-archlinux:      builder-archlinux, mgmt-salt, linux-repo-archlinux, release-configs, builder-github,
2021-01-27 05:23:46.155173 +0000 build-archlinux: COMPONENTS:
2021-01-27 05:23:46.155181 +0000 build-archlinux:      python-u2flib-host,
2021-01-27 05:23:46.155188 +0000 build-archlinux: GIT_REPOS:
2021-01-27 05:23:46.155196 +0000 build-archlinux:      qubes-src/python-u2flib-host,
2021-01-27 05:23:46.155203 +0000 build-archlinux: TEMPLATE:
2021-01-27 05:23:46.155209 +0000 build-archlinux:     
2021-01-27 05:23:46.155216 +0000 build-archlinux: TEMPLATE_FLAVOR_DIR:
2021-01-27 05:23:46.155223 +0000 build-archlinux:     
2021-01-27 05:23:46.155230 +0000 build-archlinux: TEMPLATE_ALIAS:
2021-01-27 05:23:46.155240 +0000 build-archlinux:      stretch:stretch+standard, stretch+gnome:stretch+gnome+standard,
2021-01-27 05:23:46.155253 +0000 build-archlinux:      stretch+minimal:stretch+minimal+no-recommends, buster:buster+standard, buster+gnome:buster+gnome+standard,
2021-01-27 05:23:46.155264 +0000 build-archlinux:      buster+minimal:buster+minimal+no-recommends, bullseye:bullseye+standard,
2021-01-27 05:23:46.155276 +0000 build-archlinux:      bullseye+gnome:bullseye+gnome+standard, bullseye+minimal:bullseye+minimal+no-recommends,
2021-01-27 05:23:46.155287 +0000 build-archlinux:      whonix-gateway-14:stretch+whonix-gateway+minimal+no-recommends,
2021-01-27 05:23:46.155297 +0000 build-archlinux:      whonix-workstation-14:stretch+whonix-workstation+minimal+no-recommends,
2021-01-27 05:23:46.155308 +0000 build-archlinux:      whonix-gateway-15:buster+whonix-gateway+minimal+no-recommends,
2021-01-27 05:23:46.155318 +0000 build-archlinux:      whonix-workstation-15:buster+whonix-workstation+minimal+no-recommends,
2021-01-27 05:23:46.155325 +0000 build-archlinux: TEMPLATE_LABEL:
2021-01-27 05:23:46.155337 +0000 build-archlinux:      fc25:fedora-25 fc30:fedora-30 fc31:fedora-31 fc32:fedora-32 fc30+minimal:fedora-30-minimal
2021-01-27 05:23:46.155356 +0000 build-archlinux:      fc31+minimal:fedora-31-minimal fc32+minimal:fedora-32-minimal fc30+xfce:fedora-30-xfce
2021-01-27 05:23:46.155370 +0000 build-archlinux:      fc31+xfce:fedora-31-xfce fc32+xfce:fedora-32-xfce stretch:debian-9 stretch+standard:debian-9
2021-01-27 05:23:46.155381 +0000 build-archlinux:      stretch+xfce:debian-9-xfce buster:debian-10 buster+standard:debian-10
2021-01-27 05:23:46.155392 +0000 build-archlinux:      buster+xfce:debian-10-xfce bullseye:debian-11 bullseye+standard:debian-11
2021-01-27 05:23:46.155404 +0000 build-archlinux:      bullseye+xfce:debian-11-xfce stretch+whonix-gateway+minimal+no-recommends:whonix-gw-14
2021-01-27 05:23:46.155414 +0000 build-archlinux:      stretch+whonix-workstation+minimal+no-recommends:whonix-ws-14
2021-01-27 05:23:46.155424 +0000 build-archlinux:      buster+whonix-gateway+minimal+no-recommends:whonix-gw-15
2021-01-27 05:23:46.155435 +0000 build-archlinux:      buster+whonix-workstation+minimal+no-recommends:whonix-ws-15 centos7:centos-7
2021-01-27 05:23:46.155446 +0000 build-archlinux:      centos7+minimal:centos-7-minimal centos7+xfce:centos-7-xfce centos8:centos-8
2021-01-27 05:23:46.155456 +0000 build-archlinux:      centos8+minimal:centos-8-minimal centos8+xfce:centos-8-xfce
2021-01-27 05:23:46.164441 +0000 build-archlinux: > running make
2021-01-27 05:23:46.177823 +0000 build-archlinux: Makefile:847: target 'internal-update-repo-current.vm.archlinux.python-u2flib-host' does not exist
2021-01-27 05:23:46.177890 +0000 build-archlinux: repo_base_var="LINUX_REPO_archlinux_BASEDIR"; \
2021-01-27 05:23:46.177913 +0000 build-archlinux: if [ "python-u2flib-host" = linux-template-builder ]; then \
2021-01-27 05:23:46.177929 +0000 build-archlinux: .# templates belongs to dom0 repository, even though PACKAGE_SET=vm
2021-01-27 05:23:46.177941 +0000 build-archlinux: repo_base_var="LINUX_REPO__BASEDIR"; \
2021-01-27 05:23:46.177950 +0000 build-archlinux: fi; \
2021-01-27 05:23:46.177960 +0000 build-archlinux: if [ -n "${!repo_base_var}" ]; then \
2021-01-27 05:23:46.177970 +0000 build-archlinux: .repo_basedir="${!repo_base_var}"; \
2021-01-27 05:23:46.177978 +0000 build-archlinux: else \
2021-01-27 05:23:46.177989 +0000 build-archlinux: .repo_basedir="qubes-src/linux-repo-archlinux/r4.0"; \
2021-01-27 05:23:46.177996 +0000 build-archlinux: fi; \
2021-01-27 05:23:46.178008 +0000 build-archlinux: if [ -r qubes-src/python-u2flib-host/Makefile.builder ]; then \
2021-01-27 05:23:46.178018 +0000 build-archlinux: .echo -n "Updating qubes-src/python-u2flib-host... "; \
2021-01-27 05:23:46.178027 +0000 build-archlinux: .if [ "0" -eq 1 ]; then \
2021-01-27 05:23:46.178039 +0000 build-archlinux: ..vtag=`git -C qubes-src/python-u2flib-host tag --points-at HEAD --list v*`; \
2021-01-27 05:23:46.178048 +0000 build-archlinux: ..if [ -z "$vtag" ]; then \
2021-01-27 05:23:46.178056 +0000 build-archlinux: ...echo "no version tag"; \
2021-01-27 05:23:46.178064 +0000 build-archlinux: ...exit 0; \
2021-01-27 05:23:46.178071 +0000 build-archlinux: ..fi; \
2021-01-27 05:23:46.178078 +0000 build-archlinux: .fi; \
2021-01-27 05:23:46.178088 +0000 build-archlinux: .if [ "python-u2flib-host" = linux-template-builder ]; then
2021-01-27 05:23:46.178101 +0000 build-archlinux: export TEMPLATE_NAME=$(MAKEFLAGS= make -s -C qubes-src/linux-template-builder DIST=archlinux template-name)
2021-01-27 05:23:46.178109 +0000 build-archlinux: fi
2021-01-27 05:23:46.178131 +0000 build-archlinux: component_packages=$(MAKEFLAGS= make -s -f Makefile.generic DIST=archlinux PACKAGE_SET=vm COMPONENT=`basename qubes-src/python-u2flib-host` UPDATE_REPO=/home/user/builder-r4.0/$repo_basedir/current/vm/archlinux get-var GET_VAR=PACKAGE_LIST); \
2021-01-27 05:23:46.178141 +0000 build-archlinux: .if [ -z "$component_packages" ]; then \
2021-01-27 05:23:46.178149 +0000 build-archlinux: ..echo "no packages."; \
2021-01-27 05:23:46.178157 +0000 build-archlinux: ..exit 0; \
2021-01-27 05:23:46.178183 +0000 build-archlinux: .fi; \
2021-01-27 05:23:46.178196 +0000 build-archlinux: .make -s -f Makefile.generic DIST=archlinux PACKAGE_SET=vm \
2021-01-27 05:23:46.178209 +0000 build-archlinux: ..COMPONENT=`basename qubes-src/python-u2flib-host` \
2021-01-27 05:23:46.178219 +0000 build-archlinux: ..SNAPSHOT_REPO=current-testing \
2021-01-27 05:23:46.178227 +0000 build-archlinux: ..TARGET_REPO=current \
2021-01-27 05:23:46.178238 +0000 build-archlinux: ..UPDATE_REPO=/home/user/builder-r4.0/$repo_basedir/current/vm/archlinux \
2021-01-27 05:23:46.178253 +0000 build-archlinux: ..SNAPSHOT_FILE=/home/user/builder-r4.0/repo-latest-snapshot/current-testing-vm-archlinux-`basename qubes-src/python-u2flib-host` \
2021-01-27 05:23:46.178261 +0000 build-archlinux: ..BUILD_LOG_URL= \
2021-01-27 05:23:46.178270 +0000 build-archlinux: ..update-repo-from-snapshot || exit 1; \
2021-01-27 05:23:46.178282 +0000 build-archlinux: elif make -C qubes-src/python-u2flib-host -n update-repo-current >/dev/null 2>/dev/null; then \
2021-01-27 05:23:46.178293 +0000 build-archlinux: .echo "Updating qubes-src/python-u2flib-host... "; \
2021-01-27 05:23:46.178304 +0000 build-archlinux: .DIST=archlinux UPDATE_REPO=/home/user/builder-r4.0/$repo_basedir/current/vm/archlinux \
2021-01-27 05:23:46.178316 +0000 build-archlinux: .make -s -C qubes-src/python-u2flib-host update-repo-current || exit 1; \
2021-01-27 05:23:46.178323 +0000 build-archlinux: else \
2021-01-27 05:23:46.178333 +0000 build-archlinux: .echo -n "Updating qubes-src/python-u2flib-host... skipping."; \
2021-01-27 05:23:46.178340 +0000 build-archlinux: fi; \
2021-01-27 05:23:46.178347 +0000 build-archlinux: echo
2021-01-27 05:23:46.191514 +0000 build-archlinux: Updating qubes-src/python-u2flib-host... no packages.
2021-01-27 05:23:46.191720 +0000 build-archlinux: Makefile:816: update target 'internal-update-repo-current.vm.archlinux' due to: internal-update-repo-current.vm.archlinux.python-u2flib-host
2021-01-27 05:23:46.191753 +0000 build-archlinux: true
2021-01-27 05:23:46.193080 +0000 build-archlinux: Makefile:929: target 'post-update-repo-current' does not exist
2021-01-27 05:23:46.193113 +0000 build-archlinux: true
2021-01-27 05:23:46.194464 +0000 build-archlinux: Makefile:803: update target 'update-repo-current' due to: internal-update-repo-current.vm.archlinux post-update-repo-current
2021-01-27 05:23:46.194499 +0000 build-archlinux: true
2021-01-27 05:23:46.196040 +0000 build-archlinux: > done
2021-01-27 05:23:46.196083 +0000 > closing log
