2023-10-17 00:34:40.441842 +0000 > starting log
2023-10-17 00:34:40.442145 +0000 build-archlinux: > starting build with log
2023-10-17 00:34:40.442161 +0000 build-archlinux: >> make args: update-repo-current
2023-10-17 00:34:40.442171 +0000 build-archlinux: >> MAKEFLAGS=
2023-10-17 00:34:40.442180 +0000 build-archlinux: >> COMPONENTS=app-yubikey
2023-10-17 00:34:40.442188 +0000 build-archlinux: >> DISTS_VM=archlinux
2023-10-17 00:34:40.442195 +0000 build-archlinux: >> DIST_DOM0=
2023-10-17 00:34:40.442206 +0000 build-archlinux: >> qubes-builder 9b3260ddee54989a7d18fd6c6907dd81d3d2be7a
2023-10-17 00:34:40.442221 +0000 build-archlinux: >> qubes-builder/qubes-src/app-yubikey 229bb29c04d02cc3004b29a02f4a9a0d5177f548
2023-10-17 00:34:40.442233 +0000 build-archlinux: ================================================================================
2023-10-17 00:34:40.442244 +0000 build-archlinux:                            B U I L D   I N F O                                  
2023-10-17 00:34:40.442254 +0000 build-archlinux: Items in red indicate it was automatically generated by configuration file(s)
2023-10-17 00:34:40.442264 +0000 build-archlinux: Items in white indicate it was automatically removed by configuration file(s)
2023-10-17 00:34:40.442274 +0000 build-archlinux: ================================================================================
2023-10-17 00:34:40.442281 +0000 build-archlinux: DISTS_VM:
2023-10-17 00:34:40.442289 +0000 build-archlinux:      archlinux,
2023-10-17 00:34:40.442296 +0000 build-archlinux: DISTS_ALL:
2023-10-17 00:34:40.442303 +0000 build-archlinux:      vm-archlinux,
2023-10-17 00:34:40.442310 +0000 build-archlinux: DIST_DOM0:
2023-10-17 00:34:40.442317 +0000 build-archlinux:     
2023-10-17 00:34:40.442324 +0000 build-archlinux: BUILDER_PLUGINS:
2023-10-17 00:34:40.442334 +0000 build-archlinux:      builder-archlinux, mgmt-salt, linux-repo-archlinux, release-configs, builder-github,
2023-10-17 00:34:40.442341 +0000 build-archlinux: COMPONENTS:
2023-10-17 00:34:40.442349 +0000 build-archlinux:      app-yubikey,
2023-10-17 00:34:40.442356 +0000 build-archlinux: GIT_REPOS:
2023-10-17 00:34:40.442363 +0000 build-archlinux:      qubes-src/app-yubikey,
2023-10-17 00:34:40.442370 +0000 build-archlinux: TEMPLATE:
2023-10-17 00:34:40.442377 +0000 build-archlinux:     
2023-10-17 00:34:40.442384 +0000 build-archlinux: TEMPLATE_FLAVOR_DIR:
2023-10-17 00:34:40.442391 +0000 build-archlinux:     
2023-10-17 00:34:40.442398 +0000 build-archlinux: TEMPLATE_ALIAS:
2023-10-17 00:34:40.442407 +0000 build-archlinux:      stretch:stretch+standard, stretch+gnome:stretch+gnome+standard,
2023-10-17 00:34:40.442458 +0000 build-archlinux:      stretch+minimal:stretch+minimal+no-recommends, buster:buster+gnome,
2023-10-17 00:34:40.442472 +0000 build-archlinux:      buster+minimal:buster+minimal+no-recommends, bullseye:bullseye+gnome+firmware,
2023-10-17 00:34:40.442483 +0000 build-archlinux:      bullseye+minimal:bullseye+minimal+no-recommends, bookworm:bookworm+gnome+firmware,
2023-10-17 00:34:40.442493 +0000 build-archlinux:      bookworm+minimal:bookworm+minimal+no-recommends, bionic:bionic+standard,
2023-10-17 00:34:40.442504 +0000 build-archlinux:      focal:focal+standard, whonix-gateway-15:buster+whonix-gateway+minimal+no-recommends,
2023-10-17 00:34:40.442513 +0000 build-archlinux:      whonix-workstation-15:buster+whonix-workstation+minimal+no-recommends,
2023-10-17 00:34:40.442523 +0000 build-archlinux:      whonix-gateway-16:bullseye+whonix-gateway+minimal+no-recommends,
2023-10-17 00:34:40.442532 +0000 build-archlinux:      whonix-workstation-16:bullseye+whonix-workstation+minimal+no-recommends,
2023-10-17 00:34:40.442540 +0000 build-archlinux: TEMPLATE_LABEL:
2023-10-17 00:34:40.442551 +0000 build-archlinux:      fc34:fedora-34 fc35:fedora-35 fc36:fedora-36 fc37:fedora-37 fc38:fedora-38 fc34+minimal:fedora-34-minimal
2023-10-17 00:34:40.442562 +0000 build-archlinux:      fc35+minimal:fedora-35-minimal fc36+minimal:fedora-36-minimal fc37+minimal:fedora-37-minimal
2023-10-17 00:34:40.442573 +0000 build-archlinux:      fc38+minimal:fedora-38-minimal fc34+xfce:fedora-34-xfce fc35+xfce:fedora-35-xfce fc36+xfce:fedora-36-xfce
2023-10-17 00:34:40.442593 +0000 build-archlinux:      fc37+xfce:fedora-37-xfce fc38+xfce:fedora-38-xfce stretch:debian-9 stretch+standard:debian-9
2023-10-17 00:34:40.442606 +0000 build-archlinux:      stretch+xfce:debian-9-xfce buster+gnome:debian-10 buster+xfce:debian-10-xfce bullseye:debian-11
2023-10-17 00:34:40.442618 +0000 build-archlinux:      bullseye+standard+firmware:debian-11 bullseye+xfce:debian-11-xfce bookworm:debian-12
2023-10-17 00:34:40.442628 +0000 build-archlinux:      bookworm+standard:debian-12 bookworm+xfce:debian-12-xfce bionic+standard:bionic
2023-10-17 00:34:40.442639 +0000 build-archlinux:      focal+standard:focal buster+whonix-gateway+minimal+no-recommends:whonix-gw-15
2023-10-17 00:34:40.442649 +0000 build-archlinux:      buster+whonix-workstation+minimal+no-recommends:whonix-ws-15
2023-10-17 00:34:40.442659 +0000 build-archlinux:      bullseye+whonix-gateway+minimal+no-recommends:whonix-gw-16
2023-10-17 00:34:40.442669 +0000 build-archlinux:      bullseye+whonix-workstation+minimal+no-recommends:whonix-ws-16 centos7:centos-7
2023-10-17 00:34:40.442680 +0000 build-archlinux:      centos7+minimal:centos-7-minimal centos7+xfce:centos-7-xfce centos-stream8:centos-stream-8
2023-10-17 00:34:40.442691 +0000 build-archlinux:      centos-stream8+minimal:centos-stream-8-minimal centos-stream8+xfce:centos-stream-8-xfce
2023-10-17 00:34:40.442699 +0000 build-archlinux: > running make
2023-10-17 00:34:40.442709 +0000 build-archlinux: Makefile:863: target 'internal-update-repo-current.vm.archlinux.app-yubikey' does not exist
2023-10-17 00:34:40.442719 +0000 build-archlinux: repo_base_var="LINUX_REPO_${DIST//-/_}_BASEDIR"; \
2023-10-17 00:34:40.442728 +0000 build-archlinux: if [ "app-yubikey" = linux-template-builder ]; then \
2023-10-17 00:34:40.442739 +0000 build-archlinux: .# templates belongs to dom0 repository, even though PACKAGE_SET=vm
2023-10-17 00:34:40.442748 +0000 build-archlinux: repo_base_var="LINUX_REPO__BASEDIR"; \
2023-10-17 00:34:40.442755 +0000 build-archlinux: fi; \
2023-10-17 00:34:40.442764 +0000 build-archlinux: if [ -n "${!repo_base_var}" ]; then \
2023-10-17 00:34:40.442772 +0000 build-archlinux: .repo_basedir="${!repo_base_var}"; \
2023-10-17 00:34:40.442780 +0000 build-archlinux: else \
2023-10-17 00:34:40.442789 +0000 build-archlinux: .repo_basedir="qubes-src/linux-repo-archlinux/r4.1"; \
2023-10-17 00:34:40.442797 +0000 build-archlinux: fi; \
2023-10-17 00:34:40.442806 +0000 build-archlinux: if [ -r qubes-src/app-yubikey/Makefile.builder ]; then \
2023-10-17 00:34:40.442815 +0000 build-archlinux: .echo -n "Updating qubes-src/app-yubikey... "; \
2023-10-17 00:34:40.442824 +0000 build-archlinux: .if [ "0" -eq 1 ]; then \
2023-10-17 00:34:40.442834 +0000 build-archlinux: ..vtag=`git -C qubes-src/app-yubikey tag --points-at HEAD --list v*`; \
2023-10-17 00:34:40.442843 +0000 build-archlinux: ..if [ -z "$vtag" ]; then \
2023-10-17 00:34:40.442851 +0000 build-archlinux: ...echo "no version tag"; \
2023-10-17 00:34:40.442859 +0000 build-archlinux: ...exit 0; \
2023-10-17 00:34:40.442866 +0000 build-archlinux: ..fi; \
2023-10-17 00:34:40.442874 +0000 build-archlinux: .fi; \
2023-10-17 00:34:40.442883 +0000 build-archlinux: .if [ "app-yubikey" = linux-template-builder ]; then
2023-10-17 00:34:40.442894 +0000 build-archlinux: export TEMPLATE_NAME=$(MAKEFLAGS= make -s -C qubes-src/linux-template-builder DIST=archlinux template-name)
2023-10-17 00:34:40.442902 +0000 build-archlinux: fi
2023-10-17 00:34:40.442919 +0000 build-archlinux: component_packages=$(MAKEFLAGS= make -s -f Makefile.generic DIST=archlinux PACKAGE_SET=vm COMPONENT=`basename qubes-src/app-yubikey` UPDATE_REPO=/home/user/builder-r4.1/$repo_basedir/current/vm/archlinux get-var GET_VAR=PACKAGE_LIST); \
2023-10-17 00:34:40.442929 +0000 build-archlinux: .if [ -z "$component_packages" ]; then \
2023-10-17 00:34:40.443183 +0000 build-archlinux: ..echo "no packages."; \
2023-10-17 00:34:40.443194 +0000 build-archlinux: ..exit 0; \
2023-10-17 00:34:40.443218 +0000 build-archlinux: .fi; \
2023-10-17 00:34:40.443229 +0000 build-archlinux: .make -s -f Makefile.generic DIST=archlinux PACKAGE_SET=vm \
2023-10-17 00:34:40.443239 +0000 build-archlinux: ..COMPONENT=`basename qubes-src/app-yubikey` \
2023-10-17 00:34:40.443247 +0000 build-archlinux: ..SNAPSHOT_REPO=current-testing \
2023-10-17 00:34:40.443255 +0000 build-archlinux: ..TARGET_REPO=current \
2023-10-17 00:34:40.443264 +0000 build-archlinux: ..UPDATE_REPO=/home/user/builder-r4.1/$repo_basedir/current/vm/archlinux \
2023-10-17 00:34:40.443276 +0000 build-archlinux: ..SNAPSHOT_FILE=/home/user/builder-r4.1/repo-latest-snapshot/current-testing-vm-archlinux-`basename qubes-src/app-yubikey` \
2023-10-17 00:34:40.443285 +0000 build-archlinux: ..BUILD_LOG_URL= \
2023-10-17 00:34:40.443293 +0000 build-archlinux: ..update-repo-from-snapshot || exit 1; \
2023-10-17 00:34:40.443303 +0000 build-archlinux: elif make -C qubes-src/app-yubikey -n update-repo-current >/dev/null 2>/dev/null; then \
2023-10-17 00:34:40.443312 +0000 build-archlinux: .echo "Updating qubes-src/app-yubikey... "; \
2023-10-17 00:34:40.443322 +0000 build-archlinux: .DIST=archlinux UPDATE_REPO=/home/user/builder-r4.1/$repo_basedir/current/vm/archlinux \
2023-10-17 00:34:40.443332 +0000 build-archlinux: .make -s -C qubes-src/app-yubikey update-repo-current || exit 1; \
2023-10-17 00:34:40.443339 +0000 build-archlinux: else \
2023-10-17 00:34:40.443348 +0000 build-archlinux: .echo -n "Updating qubes-src/app-yubikey... skipping."; \
2023-10-17 00:34:40.443355 +0000 build-archlinux: fi; \
2023-10-17 00:34:40.443361 +0000 build-archlinux: echo
2023-10-17 00:34:40.443370 +0000 build-archlinux: Updating qubes-src/app-yubikey... no packages.
2023-10-17 00:34:40.443382 +0000 build-archlinux: Makefile:832: update target 'internal-update-repo-current.vm.archlinux' due to: internal-update-repo-current.vm.archlinux.app-yubikey
2023-10-17 00:34:40.443389 +0000 build-archlinux: true
2023-10-17 00:34:40.443398 +0000 build-archlinux: Makefile:945: target 'post-update-repo-current' does not exist
2023-10-17 00:34:40.443405 +0000 build-archlinux: true
2023-10-17 00:34:40.443445 +0000 build-archlinux: Makefile:819: update target 'update-repo-current' due to: internal-update-repo-current.vm.archlinux post-update-repo-current
2023-10-17 00:34:40.443455 +0000 build-archlinux: true
2023-10-17 00:34:40.443462 +0000 build-archlinux: > done
2023-10-17 00:34:40.443471 +0000 > closing log
