2024-07-11 17:41:30.718818 +0000 > starting log
2024-07-11 17:41:30.719062 +0000 build-archlinux: > starting build with log
2024-07-11 17:41:30.719094 +0000 build-archlinux: >> make args: update-repo-current
2024-07-11 17:41:30.719103 +0000 build-archlinux: >> MAKEFLAGS=
2024-07-11 17:41:30.719109 +0000 build-archlinux: >> COMPONENTS=infrastructure
2024-07-11 17:41:30.719115 +0000 build-archlinux: >> DISTS_VM=archlinux
2024-07-11 17:41:30.719119 +0000 build-archlinux: >> DIST_DOM0=
2024-07-11 17:41:30.719125 +0000 build-archlinux: >> qubes-builder 3678e5fc7d685cf1ccbdc720f6e9ee2146a2a92e
2024-07-11 17:41:30.719131 +0000 build-archlinux: >> qubes-builder/qubes-src/infrastructure 0ce56ded6e42859404429162f8fce033a313acba
2024-07-11 17:41:30.719137 +0000 build-archlinux: >> qubes-builder/qubes-src/infrastructure/build-infra/qubes-builder 3d3e766de05b37cd858f0d3cb2c6ebf716510cd8
2024-07-11 17:41:30.727871 +0000 build-archlinux: >> qubes-builder/qubes-src/infrastructure/build-infra/qubes-builder-github a48840cb18aa0c423697220861bc44f7a27d7454
2024-07-11 17:41:30.779872 +0000 build-archlinux: >> qubes-builder/qubes-src/infrastructure/build-infra/qubes-builderv2 a4f43777fdfff823379c273f86e921d151c6b01a
2024-07-11 17:41:30.887896 +0000 build-archlinux: >> qubes-builder/qubes-src/infrastructure/build-infra/qubes-builderv2/qubesbuilder/plugins/installer/meta-packages 369f8a55071684c4d5937ceee58a6b4797444251
2024-07-11 17:41:30.946539 +0000 build-archlinux: >> qubes-builder/qubes-src/infrastructure/build-infra/qubes-builderv2/qubesbuilder/plugins/installer/qubes-release 5523df7fac068cc6f662a5624ff66d8c89e54acc
2024-07-11 17:41:30.995597 +0000 build-archlinux: >> qubes-builder/qubes-src/infrastructure/build-infra/qubes-builderv2-github cb1da55d09e357def14cf608d93f462292c2a1bd
2024-07-11 17:41:31.050881 +0000 build-archlinux: >> qubes-builder/qubes-src/infrastructure/build-infra/qubes-infrastructure-mirrors 29eb6ffbbc721540d6f0bb512182b18e2aa891b5
2024-07-11 17:41:31.099471 +0000 build-archlinux: ================================================================================
2024-07-11 17:41:31.099522 +0000 build-archlinux:                            B U I L D   I N F O                                  
2024-07-11 17:41:31.099531 +0000 build-archlinux: Items in red indicate it was automatically generated by configuration file(s)
2024-07-11 17:41:31.099538 +0000 build-archlinux: Items in white indicate it was automatically removed by configuration file(s)
2024-07-11 17:41:31.099545 +0000 build-archlinux: ================================================================================
2024-07-11 17:41:31.099550 +0000 build-archlinux: DISTS_VM:
2024-07-11 17:41:31.101016 +0000 build-archlinux:      archlinux,
2024-07-11 17:41:31.101404 +0000 build-archlinux: DISTS_ALL:
2024-07-11 17:41:31.103275 +0000 build-archlinux:      vm-archlinux,
2024-07-11 17:41:31.103596 +0000 build-archlinux: DIST_DOM0:
2024-07-11 17:41:31.105705 +0000 build-archlinux:     
2024-07-11 17:41:31.105839 +0000 build-archlinux: BUILDER_PLUGINS:
2024-07-11 17:41:31.108022 +0000 build-archlinux:      builder-archlinux, mgmt-salt, linux-repo-archlinux, release-configs, builder-github,
2024-07-11 17:41:31.108305 +0000 build-archlinux: COMPONENTS:
2024-07-11 17:41:31.109830 +0000 build-archlinux:      infrastructure,
2024-07-11 17:41:31.110207 +0000 build-archlinux: GIT_REPOS:
2024-07-11 17:41:31.112105 +0000 build-archlinux:      qubes-src/infrastructure,
2024-07-11 17:41:31.113036 +0000 build-archlinux: TEMPLATE:
2024-07-11 17:41:31.114430 +0000 build-archlinux:     
2024-07-11 17:41:31.114511 +0000 build-archlinux: TEMPLATE_FLAVOR_DIR:
2024-07-11 17:41:31.116274 +0000 build-archlinux:     
2024-07-11 17:41:31.116564 +0000 build-archlinux: TEMPLATE_ALIAS:
2024-07-11 17:41:31.118332 +0000 build-archlinux:      stretch:stretch+standard, stretch+gnome:stretch+gnome+standard,
2024-07-11 17:41:31.118341 +0000 build-archlinux:      stretch+minimal:stretch+minimal+no-recommends, buster:buster+gnome,
2024-07-11 17:41:31.118348 +0000 build-archlinux:      buster+minimal:buster+minimal+no-recommends, bullseye:bullseye+gnome+firmware,
2024-07-11 17:41:31.118374 +0000 build-archlinux:      bullseye+minimal:bullseye+minimal+no-recommends, bookworm:bookworm+gnome+firmware,
2024-07-11 17:41:31.118380 +0000 build-archlinux:      bookworm+minimal:bookworm+minimal+no-recommends, bionic:bionic+standard,
2024-07-11 17:41:31.118386 +0000 build-archlinux:      focal:focal+standard, whonix-gateway-15:buster+whonix-gateway+minimal+no-recommends,
2024-07-11 17:41:31.118399 +0000 build-archlinux:      whonix-workstation-15:buster+whonix-workstation+minimal+no-recommends,
2024-07-11 17:41:31.118405 +0000 build-archlinux:      whonix-gateway-16:bullseye+whonix-gateway+minimal+no-recommends,
2024-07-11 17:41:31.118411 +0000 build-archlinux:      whonix-workstation-16:bullseye+whonix-workstation+minimal+no-recommends,
2024-07-11 17:41:31.118588 +0000 build-archlinux: TEMPLATE_LABEL:
2024-07-11 17:41:31.120246 +0000 build-archlinux:      fc34:fedora-34 fc35:fedora-35 fc36:fedora-36 fc37:fedora-37 fc38:fedora-38 fc34+minimal:fedora-34-minimal
2024-07-11 17:41:31.120256 +0000 build-archlinux:      fc35+minimal:fedora-35-minimal fc36+minimal:fedora-36-minimal fc37+minimal:fedora-37-minimal
2024-07-11 17:41:31.120263 +0000 build-archlinux:      fc38+minimal:fedora-38-minimal fc34+xfce:fedora-34-xfce fc35+xfce:fedora-35-xfce fc36+xfce:fedora-36-xfce
2024-07-11 17:41:31.120270 +0000 build-archlinux:      fc37+xfce:fedora-37-xfce fc38+xfce:fedora-38-xfce stretch:debian-9 stretch+standard:debian-9
2024-07-11 17:41:31.120276 +0000 build-archlinux:      stretch+xfce:debian-9-xfce buster+gnome:debian-10 buster+xfce:debian-10-xfce bullseye:debian-11
2024-07-11 17:41:31.120282 +0000 build-archlinux:      bullseye+standard+firmware:debian-11 bullseye+xfce:debian-11-xfce bookworm:debian-12
2024-07-11 17:41:31.120289 +0000 build-archlinux:      bookworm+standard:debian-12 bookworm+xfce:debian-12-xfce bionic+standard:bionic
2024-07-11 17:41:31.120295 +0000 build-archlinux:      focal+standard:focal buster+whonix-gateway+minimal+no-recommends:whonix-gw-15
2024-07-11 17:41:31.120301 +0000 build-archlinux:      buster+whonix-workstation+minimal+no-recommends:whonix-ws-15
2024-07-11 17:41:31.120306 +0000 build-archlinux:      bullseye+whonix-gateway+minimal+no-recommends:whonix-gw-16
2024-07-11 17:41:31.120313 +0000 build-archlinux:      bullseye+whonix-workstation+minimal+no-recommends:whonix-ws-16 centos7:centos-7
2024-07-11 17:41:31.120320 +0000 build-archlinux:      centos7+minimal:centos-7-minimal centos7+xfce:centos-7-xfce centos-stream8:centos-stream-8
2024-07-11 17:41:31.120325 +0000 build-archlinux:      centos-stream8+minimal:centos-stream-8-minimal centos-stream8+xfce:centos-stream-8-xfce
2024-07-11 17:41:31.133143 +0000 build-archlinux: > running make
2024-07-11 17:41:31.142513 +0000 build-archlinux: Makefile:863: update target 'internal-update-repo-current.vm.archlinux.infrastructure' due to: target does not exist
2024-07-11 17:41:31.142551 +0000 build-archlinux: repo_base_var="LINUX_REPO_${DIST//-/_}_BASEDIR"; \
2024-07-11 17:41:31.142562 +0000 build-archlinux: if [ "infrastructure" = linux-template-builder ]; then \
2024-07-11 17:41:31.142573 +0000 build-archlinux: .# templates belongs to dom0 repository, even though PACKAGE_SET=vm
2024-07-11 17:41:31.142580 +0000 build-archlinux: repo_base_var="LINUX_REPO__BASEDIR"; \
2024-07-11 17:41:31.142587 +0000 build-archlinux: fi; \
2024-07-11 17:41:31.142595 +0000 build-archlinux: if [ -n "${!repo_base_var}" ]; then \
2024-07-11 17:41:31.142602 +0000 build-archlinux: .repo_basedir="${!repo_base_var}"; \
2024-07-11 17:41:31.142607 +0000 build-archlinux: else \
2024-07-11 17:41:31.142615 +0000 build-archlinux: .repo_basedir="qubes-src/linux-repo-archlinux/r4.1"; \
2024-07-11 17:41:31.142621 +0000 build-archlinux: fi; \
2024-07-11 17:41:31.142629 +0000 build-archlinux: if [ -r qubes-src/infrastructure/Makefile.builder ]; then \
2024-07-11 17:41:31.142636 +0000 build-archlinux: .echo -n "Updating qubes-src/infrastructure... "; \
2024-07-11 17:41:31.142661 +0000 build-archlinux: .if [ "0" -eq 1 ]; then \
2024-07-11 17:41:31.142676 +0000 build-archlinux: ..vtag=`git -C qubes-src/infrastructure tag --points-at HEAD --list v*`; \
2024-07-11 17:41:31.142684 +0000 build-archlinux: ..if [ -z "$vtag" ]; then \
2024-07-11 17:41:31.142690 +0000 build-archlinux: ...echo "no version tag"; \
2024-07-11 17:41:31.142697 +0000 build-archlinux: ...exit 0; \
2024-07-11 17:41:31.142703 +0000 build-archlinux: ..fi; \
2024-07-11 17:41:31.142709 +0000 build-archlinux: .fi; \
2024-07-11 17:41:31.142717 +0000 build-archlinux: .if [ "infrastructure" = linux-template-builder ]; then
2024-07-11 17:41:31.142726 +0000 build-archlinux: export TEMPLATE_NAME=$(MAKEFLAGS= make -s -C qubes-src/linux-template-builder DIST=archlinux template-name)
2024-07-11 17:41:31.142732 +0000 build-archlinux: fi
2024-07-11 17:41:31.142746 +0000 build-archlinux: component_packages=$(MAKEFLAGS= make -s -f Makefile.generic DIST=archlinux PACKAGE_SET=vm COMPONENT=`basename qubes-src/infrastructure` UPDATE_REPO=/home/user/builder-r4.1/$repo_basedir/current/vm/archlinux get-var GET_VAR=PACKAGE_LIST); \
2024-07-11 17:41:31.142755 +0000 build-archlinux: .if [ -z "$component_packages" ]; then \
2024-07-11 17:41:31.142762 +0000 build-archlinux: ..echo "no packages."; \
2024-07-11 17:41:31.142768 +0000 build-archlinux: ..exit 0; \
2024-07-11 17:41:31.142775 +0000 build-archlinux: .fi; \
2024-07-11 17:41:31.142782 +0000 build-archlinux: .make -s -f Makefile.generic DIST=archlinux PACKAGE_SET=vm \
2024-07-11 17:41:31.142790 +0000 build-archlinux: ..COMPONENT=`basename qubes-src/infrastructure` \
2024-07-11 17:41:31.142797 +0000 build-archlinux: ..SNAPSHOT_REPO=current-testing \
2024-07-11 17:41:31.142803 +0000 build-archlinux: ..TARGET_REPO=current \
2024-07-11 17:41:31.142812 +0000 build-archlinux: ..UPDATE_REPO=/home/user/builder-r4.1/$repo_basedir/current/vm/archlinux \
2024-07-11 17:41:31.142822 +0000 build-archlinux: ..SNAPSHOT_FILE=/home/user/builder-r4.1/repo-latest-snapshot/current-testing-vm-archlinux-`basename qubes-src/infrastructure` \
2024-07-11 17:41:31.142829 +0000 build-archlinux: ..BUILD_LOG_URL= \
2024-07-11 17:41:31.142836 +0000 build-archlinux: ..update-repo-from-snapshot || exit 1; \
2024-07-11 17:41:31.142845 +0000 build-archlinux: elif make -C qubes-src/infrastructure -n update-repo-current >/dev/null 2>/dev/null; then \
2024-07-11 17:41:31.142852 +0000 build-archlinux: .echo "Updating qubes-src/infrastructure... "; \
2024-07-11 17:41:31.142861 +0000 build-archlinux: .DIST=archlinux UPDATE_REPO=/home/user/builder-r4.1/$repo_basedir/current/vm/archlinux \
2024-07-11 17:41:31.142869 +0000 build-archlinux: .make -s -C qubes-src/infrastructure update-repo-current || exit 1; \
2024-07-11 17:41:31.142875 +0000 build-archlinux: else \
2024-07-11 17:41:31.142882 +0000 build-archlinux: .echo -n "Updating qubes-src/infrastructure... skipping."; \
2024-07-11 17:41:31.142888 +0000 build-archlinux: fi; \
2024-07-11 17:41:31.142894 +0000 build-archlinux: echo
2024-07-11 17:41:31.154368 +0000 build-archlinux: Updating qubes-src/infrastructure... no packages.
2024-07-11 17:41:31.154400 +0000 build-archlinux: Makefile:832: update target 'internal-update-repo-current.vm.archlinux' due to: target does not exist
2024-07-11 17:41:31.154405 +0000 build-archlinux: true
2024-07-11 17:41:31.155380 +0000 build-archlinux: Makefile:945: update target 'post-update-repo-current' due to: target does not exist
2024-07-11 17:41:31.155387 +0000 build-archlinux: true
2024-07-11 17:41:31.156319 +0000 build-archlinux: Makefile:819: update target 'update-repo-current' due to: target does not exist
2024-07-11 17:41:31.156325 +0000 build-archlinux: true
2024-07-11 17:41:31.157943 +0000 build-archlinux: > done
2024-07-11 17:41:31.157953 +0000 > closing log
