2022-04-12 01:39:42.282425 +0000 > starting log
2022-04-12 01:39:42.282788 +0000 build-archlinux: > starting build with log
2022-04-12 01:39:42.282807 +0000 build-archlinux: >> make args: update-repo-current
2022-04-12 01:39:42.282818 +0000 build-archlinux: >> MAKEFLAGS=
2022-04-12 01:39:42.282828 +0000 build-archlinux: >> COMPONENTS=vmm-xen-stubdom-linux
2022-04-12 01:39:42.282836 +0000 build-archlinux: >> DISTS_VM=archlinux
2022-04-12 01:39:42.282844 +0000 build-archlinux: >> DIST_DOM0=
2022-04-12 01:39:42.282854 +0000 build-archlinux: >> qubes-builder d5be146f87b29d9d153562b1b8bec5a3b2d676c3
2022-04-12 01:39:42.282866 +0000 build-archlinux: >> qubes-builder/qubes-src/vmm-xen-stubdom-linux 47d6d3759e620e54d6bfd2782b1aa6be208a2393
2022-04-12 01:39:42.282875 +0000 build-archlinux: !! dl/busybox-1.29.3.tar.bz2
2022-04-12 01:39:42.282883 +0000 build-archlinux: !! dl/busybox-1.29.3.tar.bz2.sig
2022-04-12 01:39:42.282891 +0000 build-archlinux: !! dl/linux-4.14.271.tar.sign
2022-04-12 01:39:42.282900 +0000 build-archlinux: !! dl/linux-4.14.271.tar.xz
2022-04-12 01:39:42.282908 +0000 build-archlinux: !! dl/linux-4.14.68.tar.sign
2022-04-12 01:39:42.282915 +0000 build-archlinux: !! dl/linux-4.14.68.tar.xz
2022-04-12 01:39:42.282923 +0000 build-archlinux: !! dl/qemu-3.0.0.tar.xz
2022-04-12 01:39:42.282955 +0000 build-archlinux: !! dl/qemu-3.0.0.tar.xz.sig
2022-04-12 01:39:42.282974 +0000 build-archlinux: bf90e24b4564071e0ac2785e2ee4ec4ea0e229a1ff330bb38befe7a27c5a529e7b0657354ce731473814325a27a0c181ab922e0a0a89d5023ba08a6d80472297  dl/busybox-1.29.3.tar.bz2
2022-04-12 01:39:42.282992 +0000 build-archlinux: 34309ac42ee9bb670fcacd3730f37e2b5f34112b60a096e3c4137ea92be05a72c9963b65cb7eaed0b85c5b123000ebed48a9ee23e24bee73e225a909e7b8b98c  dl/busybox-1.29.3.tar.bz2.sig
2022-04-12 01:39:42.283009 +0000 build-archlinux: 24c92bb8c1206f77682578034f73b76caf1a609029436ad7a76ae3725a981f7d2111a7d9d81aae2cc1244c724ab71c2c9391942c4f4eab5fb02f057e1f973e24  dl/linux-4.14.271.tar.sign
2022-04-12 01:39:42.554542 +0000 build-archlinux: a118770c2dbce1d139ca338e1a0b0347a671acc1cd37b51c38fea087607d475f4e5ec25060e77b107c65195a225493409e5f12bc1bd128873e7e56cb1e3b5578  dl/linux-4.14.271.tar.xz
2022-04-12 01:39:42.554877 +0000 build-archlinux: 586bd7b741ad438db3c7fd974d7678526d0b874f1a4d0ce68f93743c89e77585c688384ede44626ce9e87e012ea1306360c946047edc6e972fb56116ab42e966  dl/linux-4.14.68.tar.sign
2022-04-12 01:39:42.833362 +0000 build-archlinux: b5094bb8ce12f658e8d90f76d71a6f1a54333efd783dfccb69a341c9e587269b71198c90f472752fa4a42d5bcc06775011dc3903204b6c9e00eb53e78021a6bf  dl/linux-4.14.68.tar.xz
2022-04-12 01:39:42.991502 +0000 build-archlinux: a764302f50b9aca4134bbbc1f361b98e71240cdc7b25600dfe733bf4cf17bd86000bd28357697b08f3b656899dceb9e459350b8d55557817444ed5d7fa380a5a  dl/qemu-3.0.0.tar.xz
2022-04-12 01:39:42.992961 +0000 build-archlinux: 93cd0e18c579be6e4653f643f646df3539587006a8d89d4dc8023dd9e360ffdb5d887dd1f0922ffa4b1c393036c0296f1f387a788c0a2ff49cd911f9f7a0d103  dl/qemu-3.0.0.tar.xz.sig
2022-04-12 01:39:43.053521 +0000 build-archlinux: >> qubes-builder/qubes-src/vmm-xen-stubdom-linux/qemu/gui-agent 007a47e59dd2d09d93c0cde111b749a2eabe1dd2
2022-04-12 01:39:43.127998 +0000 build-archlinux: ================================================================================
2022-04-12 01:39:43.128064 +0000 build-archlinux:                            B U I L D   I N F O                                  
2022-04-12 01:39:43.128089 +0000 build-archlinux: Items in red indicate it was automatically generated by configuration file(s)
2022-04-12 01:39:43.128106 +0000 build-archlinux: Items in white indicate it was automatically removed by configuration file(s)
2022-04-12 01:39:43.128120 +0000 build-archlinux: ================================================================================
2022-04-12 01:39:43.128131 +0000 build-archlinux: DISTS_VM:
2022-04-12 01:39:43.131165 +0000 build-archlinux:      archlinux,
2022-04-12 01:39:43.132421 +0000 build-archlinux: DISTS_ALL:
2022-04-12 01:39:43.140033 +0000 build-archlinux:      vm-archlinux,
2022-04-12 01:39:43.141557 +0000 build-archlinux: DIST_DOM0:
2022-04-12 01:39:43.143557 +0000 build-archlinux:     
2022-04-12 01:39:43.147818 +0000 build-archlinux: BUILDER_PLUGINS:
2022-04-12 01:39:43.147884 +0000 build-archlinux:      builder-archlinux, mgmt-salt, linux-repo-archlinux, release-configs, builder-github,
2022-04-12 01:39:43.154287 +0000 build-archlinux: COMPONENTS:
2022-04-12 01:39:43.154346 +0000 build-archlinux:      vmm-xen-stubdom-linux,
2022-04-12 01:39:43.154365 +0000 build-archlinux: GIT_REPOS:
2022-04-12 01:39:43.154380 +0000 build-archlinux:      qubes-src/vmm-xen-stubdom-linux,
2022-04-12 01:39:43.155502 +0000 build-archlinux: TEMPLATE:
2022-04-12 01:39:43.155550 +0000 build-archlinux:     
2022-04-12 01:39:43.156412 +0000 build-archlinux: TEMPLATE_FLAVOR_DIR:
2022-04-12 01:39:43.161155 +0000 build-archlinux:     
2022-04-12 01:39:43.166758 +0000 build-archlinux: TEMPLATE_ALIAS:
2022-04-12 01:39:43.166826 +0000 build-archlinux:      stretch:stretch+standard, stretch+gnome:stretch+gnome+standard,
2022-04-12 01:39:43.166853 +0000 build-archlinux:      stretch+minimal:stretch+minimal+no-recommends, buster:buster+standard, buster+gnome:buster+gnome+standard,
2022-04-12 01:39:43.166870 +0000 build-archlinux:      buster+minimal:buster+minimal+no-recommends, bullseye:bullseye+standard,
2022-04-12 01:39:43.166887 +0000 build-archlinux:      bullseye+gnome:bullseye+gnome+standard, bullseye+minimal:bullseye+minimal+no-recommends,
2022-04-12 01:39:43.166903 +0000 build-archlinux:      bionic:bionic+standard, focal:focal+standard, whonix-gateway-15:buster+whonix-gateway+minimal+no-recommends,
2022-04-12 01:39:43.166916 +0000 build-archlinux:      whonix-workstation-15:buster+whonix-workstation+minimal+no-recommends,
2022-04-12 01:39:43.166929 +0000 build-archlinux:      whonix-gateway-16:bullseye+whonix-gateway+minimal+no-recommends,
2022-04-12 01:39:43.166983 +0000 build-archlinux:      whonix-workstation-16:bullseye+whonix-workstation+minimal+no-recommends,
2022-04-12 01:39:43.167678 +0000 build-archlinux: TEMPLATE_LABEL:
2022-04-12 01:39:43.167722 +0000 build-archlinux:      fc25:fedora-25 fc32:fedora-32 fc33:fedora-33 fc34:fedora-34 fc35:fedora-35
2022-04-12 01:39:43.167742 +0000 build-archlinux:      fc32+minimal:fedora-32-minimal fc33+minimal:fedora-33-minimal fc34+minimal:fedora-34-minimal
2022-04-12 01:39:43.167759 +0000 build-archlinux:      fc35+minimal:fedora-35-minimal fc32+xfce:fedora-32-xfce fc33+xfce:fedora-33-xfce fc34+xfce:fedora-34-xfce
2022-04-12 01:39:43.167774 +0000 build-archlinux:      fc35+xfce:fedora-35-xfce stretch:debian-9 stretch+standard:debian-9 stretch+xfce:debian-9-xfce
2022-04-12 01:39:43.167787 +0000 build-archlinux:      buster:debian-10 buster+standard:debian-10 buster+xfce:debian-10-xfce bullseye:debian-11
2022-04-12 01:39:43.167800 +0000 build-archlinux:      bullseye+standard:debian-11 bullseye+xfce:debian-11-xfce bionic+standard:bionic
2022-04-12 01:39:43.167812 +0000 build-archlinux:      focal+standard:focal buster+whonix-gateway+minimal+no-recommends:whonix-gw-15
2022-04-12 01:39:43.167825 +0000 build-archlinux:      buster+whonix-workstation+minimal+no-recommends:whonix-ws-15
2022-04-12 01:39:43.167838 +0000 build-archlinux:      bullseye+whonix-gateway+minimal+no-recommends:whonix-gw-16
2022-04-12 01:39:43.167851 +0000 build-archlinux:      bullseye+whonix-workstation+minimal+no-recommends:whonix-ws-16 centos7:centos-7
2022-04-12 01:39:43.167864 +0000 build-archlinux:      centos7+minimal:centos-7-minimal centos7+xfce:centos-7-xfce centos-stream8:centos-stream-8
2022-04-12 01:39:43.167877 +0000 build-archlinux:      centos-stream8+minimal:centos-stream-8-minimal centos-stream8+xfce:centos-stream-8-xfce
2022-04-12 01:39:43.195257 +0000 build-archlinux: > running make
2022-04-12 01:39:43.199296 +0000 build-archlinux: Makefile:863: target 'internal-update-repo-current.vm.archlinux.vmm-xen-stubdom-linux' does not exist
2022-04-12 01:39:43.199352 +0000 build-archlinux: repo_base_var="LINUX_REPO_${DIST//-/_}_BASEDIR"; \
2022-04-12 01:39:43.199373 +0000 build-archlinux: if [ "vmm-xen-stubdom-linux" = linux-template-builder ]; then \
2022-04-12 01:39:43.199412 +0000 build-archlinux: .# templates belongs to dom0 repository, even though PACKAGE_SET=vm
2022-04-12 01:39:43.199426 +0000 build-archlinux: repo_base_var="LINUX_REPO__BASEDIR"; \
2022-04-12 01:39:43.199436 +0000 build-archlinux: fi; \
2022-04-12 01:39:43.199446 +0000 build-archlinux: if [ -n "${!repo_base_var}" ]; then \
2022-04-12 01:39:43.199456 +0000 build-archlinux: .repo_basedir="${!repo_base_var}"; \
2022-04-12 01:39:43.199464 +0000 build-archlinux: else \
2022-04-12 01:39:43.199474 +0000 build-archlinux: .repo_basedir="qubes-src/linux-repo-archlinux/r4.0"; \
2022-04-12 01:39:43.199481 +0000 build-archlinux: fi; \
2022-04-12 01:39:43.199492 +0000 build-archlinux: if [ -r qubes-src/vmm-xen-stubdom-linux/Makefile.builder ]; then \
2022-04-12 01:39:43.199503 +0000 build-archlinux: .echo -n "Updating qubes-src/vmm-xen-stubdom-linux... "; \
2022-04-12 01:39:43.199512 +0000 build-archlinux: .if [ "0" -eq 1 ]; then \
2022-04-12 01:39:43.199524 +0000 build-archlinux: ..vtag=`git -C qubes-src/vmm-xen-stubdom-linux tag --points-at HEAD --list v*`; \
2022-04-12 01:39:43.199534 +0000 build-archlinux: ..if [ -z "$vtag" ]; then \
2022-04-12 01:39:43.199542 +0000 build-archlinux: ...echo "no version tag"; \
2022-04-12 01:39:43.199550 +0000 build-archlinux: ...exit 0; \
2022-04-12 01:39:43.199557 +0000 build-archlinux: ..fi; \
2022-04-12 01:39:43.199564 +0000 build-archlinux: .fi; \
2022-04-12 01:39:43.199575 +0000 build-archlinux: .if [ "vmm-xen-stubdom-linux" = linux-template-builder ]; then
2022-04-12 01:39:43.199588 +0000 build-archlinux: export TEMPLATE_NAME=$(MAKEFLAGS= make -s -C qubes-src/linux-template-builder DIST=archlinux template-name)
2022-04-12 01:39:43.199596 +0000 build-archlinux: fi
2022-04-12 01:39:43.199619 +0000 build-archlinux: component_packages=$(MAKEFLAGS= make -s -f Makefile.generic DIST=archlinux PACKAGE_SET=vm COMPONENT=`basename qubes-src/vmm-xen-stubdom-linux` UPDATE_REPO=/home/user/builder-r4.0/$repo_basedir/current/vm/archlinux get-var GET_VAR=PACKAGE_LIST); \
2022-04-12 01:39:43.199630 +0000 build-archlinux: .if [ -z "$component_packages" ]; then \
2022-04-12 01:39:43.199638 +0000 build-archlinux: ..echo "no packages."; \
2022-04-12 01:39:43.199645 +0000 build-archlinux: ..exit 0; \
2022-04-12 01:39:43.199652 +0000 build-archlinux: .fi; \
2022-04-12 01:39:43.199662 +0000 build-archlinux: .make -s -f Makefile.generic DIST=archlinux PACKAGE_SET=vm \
2022-04-12 01:39:43.199672 +0000 build-archlinux: ..COMPONENT=`basename qubes-src/vmm-xen-stubdom-linux` \
2022-04-12 01:39:43.199680 +0000 build-archlinux: ..SNAPSHOT_REPO=current-testing \
2022-04-12 01:39:43.199688 +0000 build-archlinux: ..TARGET_REPO=current \
2022-04-12 01:39:43.199699 +0000 build-archlinux: ..UPDATE_REPO=/home/user/builder-r4.0/$repo_basedir/current/vm/archlinux \
2022-04-12 01:39:43.199715 +0000 build-archlinux: ..SNAPSHOT_FILE=/home/user/builder-r4.0/repo-latest-snapshot/current-testing-vm-archlinux-`basename qubes-src/vmm-xen-stubdom-linux` \
2022-04-12 01:39:43.199723 +0000 build-archlinux: ..BUILD_LOG_URL= \
2022-04-12 01:39:43.199732 +0000 build-archlinux: ..update-repo-from-snapshot || exit 1; \
2022-04-12 01:39:43.199745 +0000 build-archlinux: elif make -C qubes-src/vmm-xen-stubdom-linux -n update-repo-current >/dev/null 2>/dev/null; then \
2022-04-12 01:39:43.199755 +0000 build-archlinux: .echo "Updating qubes-src/vmm-xen-stubdom-linux... "; \
2022-04-12 01:39:43.199767 +0000 build-archlinux: .DIST=archlinux UPDATE_REPO=/home/user/builder-r4.0/$repo_basedir/current/vm/archlinux \
2022-04-12 01:39:43.199778 +0000 build-archlinux: .make -s -C qubes-src/vmm-xen-stubdom-linux update-repo-current || exit 1; \
2022-04-12 01:39:43.199785 +0000 build-archlinux: else \
2022-04-12 01:39:43.199795 +0000 build-archlinux: .echo -n "Updating qubes-src/vmm-xen-stubdom-linux... skipping."; \
2022-04-12 01:39:43.199802 +0000 build-archlinux: fi; \
2022-04-12 01:39:43.199808 +0000 build-archlinux: echo
2022-04-12 01:39:43.225215 +0000 build-archlinux: Updating qubes-src/vmm-xen-stubdom-linux... no packages.
2022-04-12 01:39:43.225280 +0000 build-archlinux: Makefile:832: update target 'internal-update-repo-current.vm.archlinux' due to: internal-update-repo-current.vm.archlinux.vmm-xen-stubdom-linux
2022-04-12 01:39:43.225298 +0000 build-archlinux: true
2022-04-12 01:39:43.225314 +0000 build-archlinux: Makefile:945: target 'post-update-repo-current' does not exist
2022-04-12 01:39:43.225324 +0000 build-archlinux: true
2022-04-12 01:39:43.226545 +0000 build-archlinux: Makefile:819: update target 'update-repo-current' due to: internal-update-repo-current.vm.archlinux post-update-repo-current
2022-04-12 01:39:43.226592 +0000 build-archlinux: true
2022-04-12 01:39:43.228130 +0000 build-archlinux: > done
2022-04-12 01:39:43.228457 +0000 > closing log
